1	22.724991	0.006822
258	22.712903	0.006835
1286	22.682404	0.006873
2314	22.647803	0.006901
3342	22.620330	0.006910
4370	22.576153	0.006935
5398	22.544037	0.006970
6426	22.500507	0.006989
7454	22.462438	0.007007
8482	22.422552	0.007012
9510	22.389040	0.007044
10538	22.338629	0.007076
11566	22.301187	0.007100
12594	22.249326	0.007121
13622	22.206016	0.007153
14650	22.146074	0.007177
15678	22.103540	0.007214
16706	22.043055	0.007260
17734	22.000127	0.007322
18762	21.946241	0.007353
19790	21.901404	0.007381
20818	21.862187	0.007393
21846	21.814530	0.007416
22874	21.765911	0.007460
23902	21.713031	0.007489
24930	21.677056	0.007503
25958	21.617436	0.007535
26986	21.570047	0.007565
28014	21.508873	0.007580
29042	21.448448	0.007604
30070	21.389848	0.007637
31098	21.331966	0.007670
32126	21.276630	0.007709
33154	21.214569	0.007749
34182	21.150015	0.007767
35210	21.094633	0.007796
36238	21.029725	0.007834
37266	20.987378	0.007869
38294	20.935860	0.007893
39322	20.879235	0.007907
40350	20.830672	0.007923
41378	20.776208	0.007952
42406	20.723169	0.007975
43434	20.648891	0.008008
44462	20.583074	0.008055
45490	20.528750	0.008092
46518	20.471896	0.008134
47546	20.428010	0.008149
48574	20.355423	0.008194
49602	20.293826	0.008243
50630	20.232061	0.008273
51658	20.155441	0.008302
52686	20.082710	0.008339
53714	20.022865	0.008371
54742	19.963558	0.008399
55770	19.898293	0.008445
56798	19.837847	0.008474
57826	19.774967	0.008506
58854	19.712929	0.008532
59882	19.641621	0.008555
60910	19.573037	0.008592
61938	19.515519	0.008611
62966	19.452215	0.008649
63994	19.377760	0.008687
65022	19.311466	0.008714
66050	19.235505	0.008754
67078	19.161209	0.008798
68106	19.104920	0.008825
69134	19.040983	0.008867
70162	18.993815	0.008884
71190	18.918568	0.008918
72218	18.854308	0.008968
73246	18.774257	0.008994
74274	18.710632	0.009015
75302	18.656402	0.009044
76330	18.569494	0.009081
77358	18.480378	0.009112
78386	18.419604	0.009154
79414	18.349076	0.009191
80442	18.263138	0.009234
81470	18.192911	0.009270
82498	18.137422	0.009294
83526	18.063964	0.009343
84554	17.995155	0.009357
85582	17.907318	0.009409
86610	17.843613	0.009417
87638	17.759662	0.009459
88666	17.693354	0.009491
89694	17.605867	0.009516
90722	17.542710	0.009543
91750	17.482283	0.009574
92778	17.395160	0.009612
93806	17.315059	0.009640
94834	17.255567	0.009668
95862	17.178909	0.009703
96890	17.119952	0.009725
97918	17.046710	0.009750
98946	16.971513	0.009781
99974	16.907152	0.009815
101002	16.849675	0.009842
102030	16.783323	0.009861
102803	16.737978	0.009890
103060	16.722316	0.009901
104088	16.645957	0.009943
105116	16.571850	0.009982
106144	16.500880	0.010035
107172	16.444991	0.010062
108200	16.377189	0.010111
109228	16.304513	0.010148
110256	16.240454	0.010168
111284	16.172544	0.010213
112312	16.109386	0.010251
113340	16.050830	0.010308
114368	15.985722	0.010362
115396	15.916390	0.010379
116424	15.856703	0.010420
117452	15.795366	0.010462
118480	15.738722	0.010511
119508	15.662810	0.010542
120536	15.597692	0.010568
121564	15.542725	0.010616
122592	15.481586	0.010667
123620	15.416878	0.010694
124648	15.363190	0.010733
125676	15.311054	0.010795
126704	15.255640	0.010842
127732	15.199846	0.010896
128760	15.147235	0.010971
129788	15.091514	0.011006
130816	15.039746	0.011059
131844	14.988689	0.011104
132872	14.946633	0.011153
133900	14.891544	0.011197
134928	14.842214	0.011231
135956	14.784536	0.011275
136984	14.723398	0.011320
138012	14.665735	0.011366
139040	14.609772	0.011404
140068	14.565985	0.011420
141096	14.507374	0.011442
142124	14.457458	0.011471
143152	14.410211	0.011501
144180	14.364203	0.011528
145208	14.308904	0.011555
146236	14.267562	0.011574
147264	14.216419	0.011617
148292	14.169056	0.011662
149320	14.122425	0.011719
150348	14.082418	0.011770
151376	14.032913	0.011828
152404	13.983490	0.011873
153432	13.942584	0.011928
154460	13.903872	0.011982
155488	13.864247	0.012046
156516	13.817272	0.012089
157544	13.777428	0.012116
158572	13.732923	0.012185
159600	13.694466	0.012234
160628	13.649696	0.012262
161656	13.609023	0.012289
162684	13.569519	0.012332
163712	13.527843	0.012379
164740	13.477038	0.012436
165768	13.430821	0.012484
166796	13.391003	0.012533
167824	13.354082	0.012578
168852	13.313388	0.012634
169880	13.274907	0.012670
170908	13.237906	0.012718
171936	13.201968	0.012762
172964	13.167943	0.012804
173992	13.135826	0.012850
175020	13.096165	0.012917
176048	13.058901	0.012979
177076	13.016483	0.013023
178104	12.979622	0.013073
179132	12.937194	0.013133
180160	12.906182	0.013172
181188	12.867073	0.013226
182216	12.830395	0.013248
183244	12.789135	0.013265
184272	12.752437	0.013319
185300	12.715516	0.013377
186328	12.681863	0.013430
187356	12.647580	0.013487
188384	12.619302	0.013518
189412	12.586577	0.013557
190440	12.553451	0.013625
191468	12.520191	0.013656
192496	12.486302	0.013711
193524	12.451322	0.013780
194552	12.415005	0.013839
195580	12.383526	0.013875
196608	12.357763	0.013922
197636	12.327928	0.013956
198664	12.299837	0.014038
199692	12.266041	0.014078
200720	12.234344	0.014138
201748	12.205678	0.014189
202776	12.181163	0.014235
203804	12.155098	0.014298
204832	12.121671	0.014370
205605	12.099890	0.014424
205862	12.092436	0.014438
206890	12.060861	0.014536
207918	12.031377	0.014599
208946	12.006239	0.014649
209974	11.979069	0.014684
211002	11.952538	0.014771
212030	11.925730	0.014822
213058	11.899767	0.014868
214086	11.874072	0.014926
215114	11.846398	0.014956
216142	11.817682	0.015038
217170	11.794945	0.015083
218198	11.768795	0.015114
219226	11.740009	0.015194
220254	11.716052	0.015244
221282	11.692176	0.015298
222310	11.667390	0.015369
223338	11.636685	0.015407
224366	11.611896	0.015459
225394	11.585241	0.015522
226422	11.559298	0.015579
227450	11.536919	0.015653
228478	11.509287	0.015688
229506	11.485121	0.015743
230534	11.464646	0.015810
231562	11.441038	0.015876
232590	11.416316	0.015936
233618	11.386236	0.016005
234646	11.361725	0.016044
235674	11.333379	0.016105
236702	11.304895	0.016142
237730	11.286294	0.016189
238758	11.259302	0.016252
239786	11.236292	0.016322
240814	11.215069	0.016370
241842	11.190169	0.016409
242870	11.161618	0.016501
243898	11.135505	0.016548
244926	11.113519	0.016585
245954	11.093660	0.016648
246982	11.067204	0.016672
248010	11.034709	0.016759
249038	11.012183	0.016817
250066	10.987969	0.016890
251094	10.962636	0.016955
252122	10.937844	0.017004
253150	10.911684	0.017050
254178	10.887128	0.017133
255206	10.864178	0.017184
256234	10.842633	0.017252
257262	10.819930	0.017370
258290	10.796101	0.017411
259318	10.767194	0.017473
260346	10.742540	0.017527
261374	10.723823	0.017578
262402	10.698519	0.017661
263430	10.673197	0.017770
264458	10.652351	0.017840
265486	10.629428	0.017922
266514	10.604494	0.018020
267542	10.583127	0.018096
268570	10.564178	0.018155
269598	10.541051	0.018182
270626	10.518673	0.018274
271654	10.499959	0.018321
272682	10.475329	0.018388
273710	10.446996	0.018462
274738	10.421121	0.018532
275766	10.403442	0.018589
276794	10.379823	0.018657
277822	10.356083	0.018726
278850	10.334889	0.018786
279878	10.310444	0.018856
280906	10.288336	0.018948
281934	10.271361	0.018976
282962	10.250719	0.019013
283990	10.225170	0.019048
285018	10.199636	0.019090
286046	10.176161	0.019139
287074	10.154002	0.019203
288102	10.126355	0.019281
289130	10.097750	0.019358
290158	10.074116	0.019402
291186	10.051871	0.019499
292214	10.026770	0.019624
293242	10.000295	0.019665
294270	9.976784	0.019710
295298	9.951146	0.019784
296326	9.924562	0.019823
297354	9.897476	0.019857
298382	9.876338	0.019909
299410	9.852406	0.019965
300438	9.826075	0.020011
301466	9.801910	0.020106
302494	9.775864	0.020158
303522	9.754875	0.020203
304550	9.728166	0.020280
305578	9.704247	0.020340
306606	9.674987	0.020429
307634	9.650126	0.020555
308407	9.631736	0.020568
308664	9.626417	0.020583
309692	9.604201	0.020649
310720	9.579765	0.020681
311748	9.553912	0.020727
312776	9.531043	0.020794
313804	9.508493	0.020844
314832	9.482852	0.020913
315860	9.455914	0.020946
316888	9.428335	0.021031
317916	9.405963	0.021082
318944	9.386251	0.021162
319972	9.364616	0.021239
321000	9.336646	0.021323
322028	9.314304	0.021414
323056	9.289130	0.021473
324084	9.263644	0.021532
325112	9.239099	0.021608
326140	9.218510	0.021674
327168	9.194590	0.021782
328196	9.164541	0.021829
329224	9.131837	0.021885
330252	9.103930	0.021990
331280	9.076649	0.022089
332308	9.045530	0.022152
333336	9.020291	0.022205
334364	8.990149	0.022253
335392	8.967750	0.022314
336420	8.944529	0.022356
337448	8.916285	0.022387
338476	8.894289	0.022449
339504	8.872107	0.022514
340532	8.844512	0.022578
341560	8.819223	0.022646
342588	8.792166	0.022779
343616	8.770130	0.022832
344644	8.731201	0.022915
345672	8.710865	0.022951
346700	8.682003	0.023028
347728	8.651283	0.023085
348756	8.624498	0.023153
349784	8.596800	0.023230
350812	8.567361	0.023277
351840	8.540851	0.023339
352868	8.513239	0.023407
353896	8.485317	0.023459
354924	8.456688	0.023531
355952	8.429263	0.023618
356980	8.397762	0.023665
358008	8.370330	0.023719
359036	8.343614	0.023856
360064	8.313303	0.023913
361092	8.284999	0.023952
362120	8.255672	0.023999
363148	8.228115	0.024036
364176	8.200742	0.024095
365204	8.170979	0.024133
366232	8.137233	0.024188
367260	8.110767	0.024250
368288	8.074419	0.024270
369316	8.044579	0.024350
370344	8.017231	0.024449
371372	7.984413	0.024465
372400	7.952210	0.024524
373428	7.929121	0.024583
374456	7.893251	0.024694
375484	7.867941	0.024762
376512	7.828326	0.024857
377540	7.802124	0.024885
378568	7.773570	0.024921
379596	7.738447	0.024973
380624	7.704112	0.025014
381652	7.675286	0.025090
382680	7.638296	0.025141
383708	7.603916	0.025205
384736	7.566469	0.025334
385764	7.531669	0.025392
386792	7.499948	0.025460
387820	7.470254	0.025536
388848	7.433108	0.025598
389876	7.405198	0.025671
390904	7.372746	0.025765
391932	7.342101	0.025886
392960	7.310283	0.025937
393988	7.278882	0.026009
395016	7.247498	0.026119
396044	7.210521	0.026178
397072	7.181610	0.026232
398100	7.145480	0.026282
399128	7.117207	0.026371
400156	7.085527	0.026426
401184	7.054179	0.026465
402212	7.026682	0.026529
403240	6.993047	0.026595
404268	6.952477	0.026675
405296	6.918196	0.026733
406324	6.882920	0.026782
407352	6.849960	0.026893
408380	6.817864	0.026976
409408	6.790489	0.027074
410436	6.757489	0.027143
411209	6.729560	0.027237
411466	6.721644	0.027239
412494	6.687231	0.027291
413522	6.658640	0.027346
414550	6.631872	0.027434
415578	6.595475	0.027455
416606	6.571140	0.027478
417634	6.543932	0.027563
418662	6.517909	0.027622
419690	6.482793	0.027650
420718	6.441932	0.027673
421746	6.407661	0.027692
422774	6.376617	0.027767
423802	6.343486	0.027794
424830	6.308682	0.027839
425858	6.265995	0.027927
426886	6.228082	0.027979
427914	6.198165	0.028031
428942	6.162332	0.028107
429970	6.129393	0.028268
430998	6.103414	0.028342
432026	6.072598	0.028422
433054	6.039401	0.028466
434082	6.010206	0.028550
435110	5.970191	0.028640
436138	5.939364	0.028726
437166	5.903991	0.028763
438194	5.874908	0.028794
439222	5.828709	0.028847
440250	5.786262	0.028890
441278	5.759259	0.028966
442306	5.727198	0.029028
443334	5.694502	0.029174
444362	5.660160	0.029232
445390	5.619811	0.029276
446418	5.581492	0.029319
447446	5.544592	0.029334
448474	5.513881	0.029424
449502	5.481010	0.029451
450530	5.452738	0.029559
451558	5.419272	0.029626
452586	5.389688	0.029688
453614	5.351856	0.029742
454642	5.311442	0.029812
455670	5.269769	0.029889
456698	5.230291	0.029945
457726	5.189659	0.030052
458754	5.163872	0.030134
459782	5.129218	0.030221
460810	5.083208	0.030279
461838	5.049457	0.030367
462866	5.016789	0.030429
463894	4.978276	0.030512
464922	4.952127	0.030539
465950	4.911852	0.030584
466978	4.872437	0.030652
468006	4.841810	0.030756
469034	4.807247	0.030791
470062	4.767947	0.030816
471090	4.737378	0.030837
472118	4.686503	0.030865
473146	4.650450	0.030899
474174	4.612858	0.030928
475202	4.569483	0.030975
476230	4.542061	0.031033
477258	4.507136	0.031128
478286	4.472723	0.031173
479314	4.436538	0.031256
480342	4.402357	0.031329
481370	4.377293	0.031387
482398	4.336185	0.031456
483426	4.302492	0.031535
484454	4.271587	0.031576
485482	4.233373	0.031617
486510	4.203605	0.031667
487538	4.165270	0.031752
488566	4.132183	0.031825
489594	4.107981	0.031858
490622	4.065739	0.031894
491650	4.025705	0.031979
492678	3.996657	0.032065
493706	3.961759	0.032113
494734	3.929262	0.032155
495762	3.897442	0.032224
496790	3.864427	0.032277
497818	3.823381	0.032365
498846	3.785654	0.032413
499874	3.758640	0.032485
500902	3.727681	0.032541
501930	3.698164	0.032611
502958	3.658519	0.032654
503986	3.622022	0.032730
505014	3.585982	0.032757
506042	3.542864	0.032813
507070	3.506227	0.032846
508098	3.457734	0.032881
509126	3.429177	0.032929
510154	3.402035	0.032954
511182	3.362315	0.033036
512210	3.330512	0.033091
513238	3.296862	0.033180
514011	3.265650	0.033226
514268	3.257595	0.033248
515296	3.219540	0.033304
516324	3.188426	0.033370
517352	3.149634	0.033386
518380	3.119470	0.033470
519408	3.080422	0.033537
520436	3.048576	0.033598
521464	3.017662	0.033632
522492	2.987239	0.033666
523520	2.960804	0.033743
524548	2.925516	0.033753
525576	2.886920	0.033851
526604	2.857335	0.033881
527632	2.828845	0.033900
528660	2.799220	0.033942
529688	2.769276	0.033995
530716	2.732589	0.034030
531744	2.693357	0.034074
532772	2.659456	0.034140
533800	2.612996	0.034147
534828	2.574204	0.034168
535856	2.546753	0.034219
536884	2.514585	0.034263
537912	2.478547	0.034287
538940	2.437610	0.034275
539968	2.408424	0.034329
540996	2.365730	0.034400
542024	2.333118	0.034470
543052	2.305343	0.034488
544080	2.277145	0.034514
545108	2.246607	0.034522
546136	2.206688	0.034577
547164	2.178062	0.034570
548192	2.152192	0.034589
549220	2.118017	0.034595
550248	2.094012	0.034622
551276	2.066619	0.034668
552304	2.030364	0.034726
553332	2.001239	0.034737
554360	1.964237	0.034758
555388	1.921858	0.034778
556416	1.882293	0.034842
557444	1.841351	0.034884
558472	1.813128	0.034900
559500	1.783054	0.034909
560528	1.753422	0.034953
561556	1.730351	0.035005
562584	1.695578	0.035008
563612	1.665053	0.035078
564640	1.636955	0.035150
565668	1.610715	0.035173
566696	1.584781	0.035185
567724	1.562825	0.035217
568752	1.528132	0.035250
569780	1.493873	0.035277
570808	1.470431	0.035300
571836	1.445697	0.035326
572864	1.409914	0.035349
573892	1.375873	0.035364
574920	1.347227	0.035376
575948	1.310329	0.035389
576976	1.283577	0.035423
578004	1.253470	0.035424
579032	1.224445	0.035469
580060	1.195470	0.035515
581088	1.167764	0.035517
582116	1.138687	0.035576
583144	1.103221	0.035593
584172	1.066049	0.035635
585200	1.042949	0.035635
586228	1.006639	0.035628
587256	0.976149	0.035626
588284	0.947300	0.035654
589312	0.920366	0.035693
590340	0.896337	0.035767
591368	0.871480	0.035760
592396	0.845704	0.035772
593424	0.818852	0.035794
594452	0.792441	0.035830
595480	0.765404	0.035862
596508	0.740179	0.035907
597536	0.712132	0.035932
598564	0.683338	0.035952
599592	0.656470	0.035985
600620	0.626652	0.036017
601648	0.597536	0.036034
602676	0.570131	0.036046
603704	0.546296	0.036077
604732	0.517940	0.036089
605760	0.493849	0.036133
606788	0.464227	0.036141
607816	0.438418	0.036204
608844	0.412584	0.036246
609872	0.383168	0.036272
610900	0.357999	0.036268
611928	0.315329	0.036312
612956	0.293753	0.036339
613984	0.267037	0.036332
615012	0.240006	0.036353
616040	0.214008	0.036398
616813	0.197928	0.036391
617070	0.192858	0.036395
618098	0.164270	0.036417
619126	0.143718	0.036431
620154	0.114341	0.036431
621182	0.091893	0.036455
622210	0.069326	0.036487
623238	0.048047	0.036509
624266	0.021723	0.036527
625294	-0.004839	0.036543
626322	-0.031055	0.036580
627350	-0.056888	0.036593
628378	-0.083222	0.036607
629406	-0.105600	0.036680
630434	-0.127769	0.036696
631462	-0.152155	0.036707
632490	-0.171407	0.036717
633518	-0.188657	0.036770
634546	-0.218180	0.036781
635574	-0.241547	0.036783
636602	-0.260872	0.036834
637630	-0.279799	0.036852
638658	-0.304005	0.036860
639686	-0.329885	0.036881
640714	-0.349385	0.036903
641742	-0.373795	0.036913
642770	-0.395265	0.036936
643798	-0.419711	0.036978
644826	-0.445060	0.037020
645854	-0.466970	0.037043
646882	-0.490150	0.037065
647910	-0.514075	0.037098
648938	-0.533580	0.037109
649966	-0.553059	0.037177
650994	-0.574567	0.037211
652022	-0.591110	0.037223
653050	-0.610467	0.037249
654078	-0.631797	0.037232
655106	-0.654678	0.037252
656134	-0.679588	0.037265
657162	-0.697610	0.037293
658190	-0.721324	0.037300
659218	-0.739263	0.037327
660246	-0.758996	0.037331
661274	-0.774921	0.037366
662302	-0.795154	0.037392
663330	-0.814412	0.037382
664358	-0.834456	0.037427
665386	-0.851195	0.037450
666414	-0.873835	0.037508
667442	-0.892621	0.037515
668470	-0.913003	0.037503
669498	-0.936164	0.037492
670526	-0.957330	0.037523
671554	-0.975054	0.037553
672582	-1.002211	0.037595
673610	-1.024161	0.037624
674638	-1.045146	0.037630
675666	-1.064702	0.037640
676694	-1.081825	0.037654
677722	-1.105182	0.037690
678750	-1.128877	0.037748
679778	-1.144625	0.037753
680806	-1.166301	0.037782
681834	-1.184228	0.037802
682862	-1.203413	0.037816
683890	-1.224849	0.037824
684918	-1.245721	0.037870
685946	-1.262605	0.037925
686974	-1.282189	0.037966
688002	-1.301091	0.037974
689030	-1.319277	0.037993
690058	-1.341903	0.038010
691086	-1.358715	0.038025
692114	-1.380536	0.038043
693142	-1.398220	0.038081
694170	-1.416123	0.038092
695198	-1.440131	0.038087
696226	-1.460470	0.038081
697254	-1.478262	0.038093
698282	-1.498814	0.038092
699310	-1.520135	0.038101
700338	-1.541639	0.038115
701366	-1.562722	0.038123
702394	-1.584083	0.038133
703422	-1.600205	0.038143
704450	-1.616640	0.038144
705478	-1.631773	0.038181
706506	-1.654346	0.038202
707534	-1.669472	0.038215
708562	-1.684854	0.038218
709590	-1.699763	0.038245
710618	-1.716544	0.038279
711646	-1.735154	0.038294
712674	-1.749674	0.038304
713702	-1.766187	0.038327
714730	-1.780237	0.038356
715758	-1.799661	0.038403
716786	-1.817591	0.038455
717814	-1.834914	0.038498
718842	-1.849281	0.038515
719615	-1.857367	0.038534
719872	-1.861804	0.038533
720900	-1.877540	0.038541
721928	-1.892951	0.038582
722956	-1.907760	0.038606
723984	-1.922421	0.038594
725012	-1.942720	0.038576
726040	-1.955700	0.038597
727068	-1.973472	0.038617
728096	-1.991920	0.038630
729124	-2.009963	0.038644
730152	-2.024703	0.038678
731180	-2.041106	0.038701
732208	-2.056080	0.038717
733236	-2.073026	0.038736
734264	-2.088486	0.038777
735292	-2.105804	0.038799
736320	-2.119215	0.038816
737348	-2.135883	0.038861
738376	-2.151895	0.038876
739404	-2.167027	0.038909
740432	-2.183497	0.038932
741460	-2.198207	0.038927
742488	-2.211767	0.038918
743516	-2.225973	0.038961
744544	-2.236340	0.038972
745572	-2.251213	0.038986
746600	-2.263049	0.039016
747628	-2.282109	0.039033
748656	-2.295992	0.039041
749684	-2.317244	0.039054
750712	-2.331684	0.039059
751740	-2.345962	0.039071
752768	-2.362574	0.039090
753796	-2.377220	0.039099
754824	-2.390910	0.039114
755852	-2.408913	0.039117
756880	-2.421320	0.039121
757908	-2.434657	0.039145
758936	-2.448660	0.039167
759964	-2.463527	0.039156
760992	-2.475097	0.039189
762020	-2.491292	0.039195
763048	-2.505347	0.039212
764076	-2.520162	0.039191
765104	-2.535342	0.039204
766132	-2.550827	0.039235
767160	-2.566953	0.039253
768188	-2.575727	0.039248
769216	-2.591414	0.039270
770244	-2.603924	0.039299
771272	-2.613370	0.039279
772300	-2.633388	0.039279
773328	-2.651247	0.039305
774356	-2.668238	0.039315
775384	-2.679117	0.039345
776412	-2.694895	0.039394
777440	-2.709030	0.039412
778468	-2.721347	0.039429
779496	-2.736311	0.039432
780524	-2.751123	0.039479
781552	-2.765312	0.039495
782580	-2.775245	0.039509
783608	-2.786487	0.039518
784636	-2.802172	0.039530
785664	-2.812473	0.039540
786692	-2.826588	0.039566
787720	-2.838978	0.039568
788748	-2.852268	0.039579
789776	-2.865586	0.039596
790804	-2.877431	0.039597
791832	-2.891732	0.039611
792860	-2.904597	0.039619
793888	-2.916959	0.039660
794916	-2.927624	0.039711
795944	-2.941239	0.039764
796972	-2.951201	0.039795
798000	-2.963908	0.039801
799028	-2.976560	0.039821
800056	-2.990113	0.039823
801084	-3.000426	0.039852
802112	-3.009380	0.039863
803140	-3.021879	0.039909
804168	-3.032419	0.039902
805196	-3.047055	0.039916
806224	-3.057350	0.039949
807252	-3.068775	0.039974
808280	-3.080541	0.039969
809308	-3.092413	0.039981
810336	-3.104779	0.040045
811364	-3.116000	0.040063
812392	-3.125905	0.040068
813420	-3.138705	0.040085
814448	-3.152298	0.040097
815476	-3.163447	0.040110
816504	-3.178223	0.040099
817532	-3.190044	0.040091
818560	-3.202532	0.040101
819588	-3.213324	0.040106
820616	-3.224547	0.040139
821644	-3.235797	0.040173
822417	-3.243477	0.040188
822674	-3.245623	0.040197
823702	-3.257864	0.040209
824730	-3.271226	0.040220
825758	-3.282010	0.040265
826786	-3.293188	0.040283
827814	-3.304232	0.040276
828842	-3.314703	0.040309
829870	-3.325511	0.040332
830898	-3.336880	0.040346
831926	-3.348790	0.040340
832954	-3.360355	0.040384
833982	-3.370404	0.040393
835010	-3.381378	0.040393
836038	-3.390424	0.040397
837066	-3.399773	0.040404
838094	-3.409969	0.040405
839122	-3.420572	0.040426
840150	-3.432393	0.040441
841178	-3.440669	0.040443
842206	-3.452488	0.040464
843234	-3.464245	0.040459
844262	-3.478359	0.040474
845290	-3.487830	0.040478
846318	-3.498509	0.040494
847346	-3.508267	0.040538
848374	-3.517852	0.040546
849402	-3.527583	0.040560
850430	-3.538010	0.040575
851458	-3.547492	0.040602
852486	-3.559245	0.040618
853514	-3.573631	0.040629
854542	-3.584239	0.040639
855570	-3.595600	0.040669
856598	-3.606758	0.040704
857626	-3.618456	0.040715
858654	-3.628961	0.040758
859682	-3.640653	0.040780
860710	-3.649928	0.040813
861738	-3.658766	0.040847
862766	-3.667811	0.040891
863794	-3.677462	0.040906
864822	-3.687331	0.040913
865850	-3.697820	0.040921
866878	-3.706426	0.040947
867906	-3.714903	0.040976
868934	-3.726615	0.041010
869962	-3.738014	0.041035
870990	-3.749750	0.041043
872018	-3.762038	0.041077
873046	-3.770660	0.041089
874074	-3.780382	0.041122
875102	-3.790307	0.041145
876130	-3.798152	0.041148
877158	-3.808943	0.041153
878186	-3.817811	0.041191
879214	-3.826294	0.041200
880242	-3.837087	0.041230
881270	-3.846370	0.041251
882298	-3.857797	0.041268
883326	-3.867794	0.041281
884354	-3.876300	0.041292
885382	-3.885521	0.041296
886410	-3.896129	0.041329
887438	-3.905187	0.041380
888466	-3.917321	0.041388
889494	-3.924682	0.041383
890522	-3.932471	0.041395
891550	-3.943156	0.041403
892578	-3.953454	0.041417
893606	-3.962623	0.041458
894634	-3.972891	0.041470
895662	-3.983480	0.041510
896690	-3.991972	0.041531
897718	-4.001327	0.041546
898746	-4.008759	0.041560
899774	-4.016707	0.041577
900802	-4.026960	0.041589
901830	-4.037697	0.041592
902858	-4.046112	0.041620
903886	-4.052817	0.041626
904914	-4.061958	0.041644
905942	-4.068820	0.041680
906970	-4.080793	0.041713
907998	-4.088425	0.041737
909026	-4.097742	0.041746
910054	-4.109094	0.041777
911082	-4.116909	0.041790
912110	-4.125938	0.041811
913138	-4.133569	0.041821
914166	-4.143873	0.041843
915194	-4.152067	0.041868
916222	-4.163025	0.041874
917250	-4.171617	0.041871
918278	-4.180705	0.041894
919306	-4.191265	0.041924
920334	-4.200067	0.041939
921362	-4.209572	0.041960
922390	-4.217328	0.041974
923418	-4.228919	0.041996
924446	-4.237701	0.042008
925219	-4.245118	0.042009
925476	-4.247100	0.042018
926504	-4.256436	0.042050
927532	-4.266376	0.042058
928560	-4.274907	0.042088
929588	-4.283924	0.042127
930616	-4.292262	0.042138
931644	-4.299919	0.042172
932672	-4.311168	0.042206
933700	-4.320536	0.042213
934728	-4.328408	0.042217
935756	-4.340028	0.042246
936784	-4.349536	0.042245
937812	-4.360144	0.042260
938840	-4.369821	0.042274
939868	-4.377708	0.042290
940896	-4.385197	0.042301
941924	-4.392299	0.042305
942952	-4.401403	0.042349
943980	-4.409269	0.042375
945008	-4.417129	0.042395
946036	-4.425899	0.042425
947064	-4.433903	0.042444
948092	-4.442655	0.042462
949120	-4.451173	0.042475
950148	-4.458828	0.042486
951176	-4.464823	0.042493
952204	-4.474106	0.042513
953232	-4.482286	0.042544
954260	-4.491699	0.042555
955288	-4.500919	0.042579
956316	-4.509450	0.042600
957344	-4.518216	0.042621
958372	-4.525840	0.042644
959400	-4.532577	0.042649
960428	-4.540362	0.042669
961456	-4.547766	0.042692
962484	-4.555045	0.042674
963512	-4.565239	0.042693
964540	-4.573947	0.042705
965568	-4.583748	0.042722
966596	-4.593524	0.042720
967624	-4.600938	0.042732
968652	-4.610340	0.042755
969680	-4.617851	0.042774
970708	-4.624807	0.042786
971736	-4.632050	0.042793
972764	-4.640539	0.042800
973792	-4.649918	0.042800
974820	-4.656742	0.042811
975848	-4.666153	0.042829
976876	-4.673555	0.042849
977904	-4.683649	0.042865
978932	-4.691035	0.042913
979960	-4.700258	0.042944
980988	-4.709371	0.042945
982016	-4.718208	0.042933
983044	-4.726286	0.042946
984072	-4.734316	0.042990
985100	-4.743732	0.043003
986128	-4.752211	0.043025
987156	-4.759580	0.043041
988184	-4.766921	0.043065
989212	-4.776422	0.043073
990240	-4.784651	0.043109
991268	-4.792741	0.043109
992296	-4.800023	0.043141
993324	-4.809255	0.043146
994352	-4.816525	0.043155
995380	-4.822397	0.043154
996408	-4.829658	0.043159
997436	-4.837939	0.043178
998464	-4.847592	0.043208
999492	-4.855720	0.043230
1000520	-4.865876	0.043244
1001548	-4.873562	0.043257
1002576	-4.881090	0.043290
1003604	-4.887571	0.043313
1004632	-4.893817	0.043330
1005660	-4.902065	0.043331
1006688	-4.909912	0.043373
1007716	-4.918511	0.043399
1008744	-4.925138	0.043424
1009772	-4.933318	0.043441
1010800	-4.941635	0.043454
1011828	-4.950447	0.043477
1012856	-4.957900	0.043484
1013884	-4.969116	0.043492
1014912	-4.977078	0.043514
1015940	-4.985618	0.043504
1016968	-4.991586	0.043493
1017996	-4.998909	0.043521
1019024	-5.004899	0.043549
1020052	-5.012111	0.043572
1021080	-5.021111	0.043595
1022108	-5.029416	0.043611
1023136	-5.036636	0.043626
1024164	-5.043233	0.043642
1025192	-5.051059	0.043658
1026220	-5.059369	0.043681
1027248	-5.066454	0.043696
