0	26.746014698333138
8	6.138044701528941
17	6.112379360342194
74	2.2367284204725624
78	2.178441207731802
87	0.01729028859069281
115	-1.7900185067348353
123	-1.8387192370595191
130	-1.8405727733429489
136	-1.9866471491102986
141	-2.011944958784746
153	-2.6474674572700803
158	-2.6497753704982223
171	-2.6523780205542646
173	-2.660241680736221
185	-2.6765708705817914
190	-2.753229309621036
195	-2.7743031590012595
202	-2.788381674280483
209	-2.7900705557952286
215	-2.816089706399215
220	-3.963425325783626
223	-3.9700048812961635
224	-4.007803496272652
237	-4.010511464394674
254	-4.014210985989958
256	-4.017128861700316
272	-4.019908202309247
285	-4.025963449685563
292	-4.032672004983574
299	-4.03456942204263
310	-4.049567999895226
317	-4.054459784092255
353	-4.061805616944481
360	-4.066591599640567
365	-4.068309102676048
389	-4.088864595571007
394	-4.100259908218078
406	-4.113263548832055
408	-4.127916767607118
416	-4.130788943861017
423	-4.166667864138929
430	-4.173494685551788
436	-4.176661461710167
452	-4.200798446686266
453	-4.211270289421044
454	-4.231491870630442
468	-4.237663598610654
470	-4.333950109394454
477	-5.262808656427844
484	-5.2656242197512055
512	-5.272742620803213
527	-5.273862740254938
541	-5.279729985375003
555	-5.282504753817438
562	-5.286031751756989
577	-5.287225093091492
584	-5.293562843967743
598	-5.29464792159584
652	-5.297053511737688
659	-5.298421932984918
674	-5.300944448733894
697	-5.309136723721168
719	-5.311221902523646
741	-5.320800267888984
758	-5.327024069843104
778	-5.328686610293368
785	-5.330577355512939
792	-5.334118935154603
799	-5.3355383125609945
821	-5.338189285816034
828	-5.3396522111649585
851	-5.341246448981793
863	-5.40506255681571
870	-5.414273802789873
876	-5.447650111230576
905	-5.454209666790426
919	-5.455224716785555
949	-5.462353745501728
997	-5.464361870349856
1026	-5.490230845561876
1033	-5.494901124522213
1062	-5.496793047956819
1085	-5.505894014866707
1116	-5.517794804739865
1156	-5.521443167667433
1163	-5.537605738992155
1170	-5.540693041005511
1177	-5.5434025505025515
1184	-5.565503276657994
1191	-5.5675439155437925
1205	-5.574176680794375
1221	-5.577045118355649
1228	-5.5913069146929555
1242	-5.592529419407501
1272	-5.597840761444698
1295	-5.604925869330725
1310	-5.6111243922733465
1317	-5.613056284513883
1354	-5.614898956975244
1361	-5.637594729398047
1368	-5.649192573882626
1382	-5.662509775863945
1396	-5.665296237660862
1418	-5.668846121749906
1446	-5.682031920964561
1460	-5.693307257839453
1467	-5.694940792536329
1521	-5.695969944945733
1535	-5.697394668054789
1556	-5.698992170844736
1580	-5.713073168998067
1640	-5.717503167452087
1647	-5.71852416785913
1669	-5.719621573021488
1733	-5.721637313711865
1740	-5.730701148759397
1754	-5.739361596850425
1761	-5.74674027333552
1776	-5.747758855130704
1798	-5.749456934742819
1828	-5.753886511213475
1857	-5.755372653558421
1872	-5.773978387946536
1879	-5.775329923401046
1886	-5.776911246567235
1893	-5.778391211724156
1922	-5.77944312545428
1929	-5.782564629295422
1960	-5.792554042168057
1967	-5.800826947362111
2003	-5.811051618076206
2018	-5.8166927361003005
2047	-5.819292125603679
2062	-5.821816079777364
2092	-5.9340358805308036
2099	-5.9415165095439
2106	-5.948428030413691
2113	-5.952981267841088
2127	-5.967005454740641
2134	-5.97127135043976
2149	-5.974962756670882
2156	-5.978023809262275
2177	-6.011237956777428
2184	-6.033957274986212
2199	-6.060986553534832
2213	-6.066124849028221
2246	-6.07423622615757
2282	-6.111289727452541
2289	-6.11761108127243
2328	-6.120690731194319
2335	-6.1559264492242
2342	-6.157488363077774
2357	-6.160225899874377
2380	-6.161527630164072
2418	-6.165857732730121
2425	-6.193790334460418
2462	-6.197453865054684
2508	-6.206104949447899
2540	-6.215279741557859
2547	-6.216908624204057
2562	-6.223908402143591
2611	-6.228678692995712
2626	-6.233435736106152
2633	-6.2362579914950125
2640	-6.240270845999905
2647	-6.241892063966776
2654	-6.32795018484744
2676	-6.33846273372467
2698	-6.363020405642442
2721	-6.364658023141207
2744	-6.366368831192097
2767	-6.3878355333422165
2774	-6.394850246175557
2788	-6.399900225055513
2803	-6.4013534420243765
2810	-6.4198091661138506
2817	-6.4210576108954145
2832	-6.4314013750120385
2853	-6.441603348086477
2869	-6.448958570057957
2891	-6.451001133452392
2914	-6.4540775551740435
2944	-6.45783882863958
2959	-6.459182109326152
2988	-6.460234867986629
3004	-6.462640119293448
3028	-6.465010237221767
3050	-6.467382575145938
3057	-6.469652260027058
3128	-6.471003786658228
3194	-6.473992799087295
3201	-6.488557530350122
3208	-6.490887475820194
3215	-6.496537360661669
3238	-6.504990652966916
3260	-6.508140229104473
3267	-6.522960381312988
3283	-6.533942783355456
3290	-6.5363949924299245
3305	-6.537714106346789
3312	-6.539987112214449
3326	-6.547046582847981
3333	-6.570643375800563
3340	-6.572120328656547
3355	-6.573153915559562
3370	-6.577902862172441
3393	-6.579418274876047
3425	-6.580688721943032
3447	-6.5824095347212905
3485	-6.583568103233588
3492	-6.597146140065478
3509	-6.6000578204738165
3534	-6.607285362278371
3559	-6.6128695503282175
3566	-6.618597624443007
3589	-6.622413254229414
3603	-6.6235657249272295
3633	-6.63363307292513
3648	-6.640136190500796
3671	-6.6429122308991895
3678	-6.650797683148439
3717	-6.654191847229269
3748	-6.6602386833684575
3772	-6.661557170975016
3787	-6.701478584165622
3794	-6.721143051574127
3801	-6.722206346928103
3848	-6.723215029160458
3863	-6.726253833914073
3927	-6.728328479487164
3934	-6.742100180925482
3951	-6.745844926414259
3958	-6.753269451672139
3980	-6.75449301526069
4041	-6.760629490151363
4048	-6.762169455484965
4063	-6.763529383915342
4070	-6.767915048177143
4077	-6.7690947880069
4091	-6.77283651486776
4106	-6.7742104519194655
4136	-6.777756453156526
4159	-6.795006608020697
4180	-6.796414390533702
4195	-6.7984723950799415
4202	-6.8002557429387736
4217	-6.801328088999144
4224	-6.806150315828071
4247	-6.818207995037276
4270	-6.821533979626635
4292	-6.823465840250238
4331	-6.824473375288576
4338	-6.832078863703356
4360	-6.846119964691334
4424	-6.847400069368053
4454	-6.848404286725491
4477	-6.849545235882461
4548	-6.872048910456956
4569	-6.874534705754192
4607	-6.875959282495205
4638	-6.87829566701258
4660	-6.88031108922223
4682	-6.881557527219374
4704	-6.891457694882686
4750	-6.892781633977436
4788	-6.894731623240606
4795	-6.901513793353719
4817	-6.9037150189353875
4832	-6.90844063287655
4839	-6.915177031279919
4864	-6.918470236977115
4886	-6.920814313505932
4932	-6.928914148286101
4955	-6.931856283745577
4999	-6.93397366138644
5038	-6.935506005556621
5070	-6.943969157073932
5093	-6.953453430268993
5115	-6.954476062495893
5130	-6.957966175369944
5137	-6.965492863589702
5151	-6.966494847421259
5158	-6.973790707455433
5179	-6.980457522552674
5200	-6.990174857983398
5223	-6.991737706846161
5246	-7.017178961238402
5284	-7.029840990476122
5291	-7.036952145036318
5312	-7.040155438834188
5335	-7.041772538664024
5358	-7.049281335594425
5379	-7.060423298697017
5402	-7.061478755377457
5423	-7.062685377931108
5496	-7.064273404369966
5511	-7.065388580119543
5560	-7.067442956729376
5567	-7.069075673796737
5628	-7.070783155511074
5649	-7.072543150996821
5672	-7.0737993377701205
5679	-7.076861010798844
5701	-7.0790812419463665
5716	-7.085696660661502
5723	-7.0903308441322626
5794	-7.095339686324879
5809	-7.097625053912052
5816	-7.102998940666474
5839	-7.1165834424168075
5846	-7.1182526165020406
5861	-7.148415912361836
5883	-7.151324302068915
5905	-7.169207780649652
5912	-7.179083625292592
5919	-7.184217377054304
5943	-7.19124390031516
5974	-7.28187994525727
5996	-7.2934061731228335
6012	-7.299591503252112
6042	-7.301354313302138
6088	-7.3088456077960124
6109	-7.311392420671639
6126	-7.314427889926307
6133	-7.317406730610471
6178	-7.322903661658366
6200	-7.329715349198695
6248	-7.3315963701589055
6314	-7.337340276904508
6338	-7.34202118672051
6361	-7.343305930717186
6368	-7.345168464413512
6385	-7.348451019579187
6432	-7.352093095588446
6488	-7.353171247377912
6579	-7.355839985570224
6586	-7.361593525828411
6609	-7.3632784203671315
6634	-7.364471721142468
6649	-7.368618405443042
6704	-7.375954675970781
6727	-7.3849648249085345
6751	-7.387656649095947
6765	-7.39120417507187
6787	-7.39271795924967
6810	-7.394524829575586
6817	-7.400975714322481
6832	-7.403889768643456
6855	-7.405555937797065
6862	-7.407577205709775
6917	-7.408594159439461
6980	-7.410364594697594
7028	-7.429298093177792
7067	-7.4319155387684575
7122	-7.434483826820035
7137	-7.435798646944735
7161	-7.43683911721925
7217	-7.438260020943615
7239	-7.44404904484807
7264	-7.448460020606226
7333	-7.485825268427921
7348	-7.488653404606155
7379	-7.497041217106369
7386	-7.498453175297819
7400	-7.5045162185909104
7415	-7.50675274000195
7438	-7.508567368295303
7445	-7.534439839396914
7473	-7.53598862087474
7488	-7.538064829724802
7503	-7.539097364565529
7510	-7.5470917841521326
7532	-7.706367215701045
7546	-7.707746647775707
7553	-7.709578847848412
7567	-7.7174936044961955
7589	-7.719260620594825
7636	-7.7208723445755165
7658	-7.722491846028319
7665	-7.725643474344984
7686	-7.727053874549198
7702	-7.728259162847992
7709	-7.752713834593349
7771	-7.753978638119142
7802	-7.755402986001307
7826	-7.7739097868086535
7841	-7.776310484783852
7864	-7.786115846992582
7878	-7.787713743664122
7885	-7.788986090566034
7908	-7.794261923966974
7915	-7.803864078727084
7930	-7.804994057204348
7937	-7.897151258784283
7944	-7.898974242702462
7966	-7.900627151736055
7980	-7.903340852578626
7994	-7.905090456158237
8001	-7.940677706630768
8023	-7.947262631335502
8062	-7.948631238365818
8069	-7.952083951409312
8093	-7.968924451113416
8131	-7.972133774731666
8162	-7.980620061687327
8178	-7.982058579126232
8185	-7.9840844113952105
8207	-7.990936649309385
8253	-8.000926674744855
8260	-8.002974002833946
8276	-8.00524194923293
8308	-8.006321595253413
8315	-8.011282382574002
8322	-8.01452530636588
8337	-8.017820818027376
8344	-8.02237226448863
8359	-8.02631866383117
8415	-8.029399654293405
8437	-8.036386264886653
8460	-8.587558967653937
8467	-8.59006148225263
8481	-8.59146845828834
8503	-8.59690955827455
8526	-8.598370534311764
8596	-8.60866190661752
8619	-8.610628772537916
8634	-8.613219767788218
8658	-8.614327709872029
8680	-8.615526880018948
8713	-8.623820738793853
8751	-8.6256745098906
8810	-8.636548263325656
8832	-8.637954499237816
8849	-8.654509096807837
8872	-8.658988253830815
8879	-8.661984372793272
8902	-8.66465415092374
8941	-8.668718145446356
8972	-8.669765807257473
8987	-8.67226399904709
9016	-8.692761003159957
9039	-8.708960385073436
9061	-8.71018091834835
9078	-8.712913368976341
9085	-8.714724760870935
9107	-8.715971365930054
9130	-8.720249620504418
9171	-8.721549583606905
9178	-8.735257471989879
9227	-8.74127389342919
9274	-8.752100310614583
9281	-8.753359404448872
9296	-8.759606251602541
9335	-8.761050388440571
9358	-8.764178276815022
9433	-8.766984868630233
9440	-8.777366300412869
9454	-8.778388276159017
9483	-8.79199835457155
9506	-8.793185371533937
9545	-8.794270005421005
9552	-8.82118385293043
9559	-8.825350794210767
9573	-8.826832854855054
9611	-8.829784676084689
9618	-8.83103043572673
9641	-8.835709132379602
9663	-8.837584984489155
9733	-8.840836103694164
9748	-8.845289666673375
9755	-8.847628636006267
9770	-8.851280672167873
9777	-8.856652721655554
9799	-8.861399748366118
9838	-8.864428076365892
9845	-8.865772144575242
9892	-8.867550663400841
9915	-8.871938748822563
9964	-8.880211151600324
9986	-8.9018689868768
10000	-8.903070254456793
10007	-8.904134114128977
10029	-8.906602467885774
10052	-8.909102065166753
10088	-8.910478657156117
10143	-8.927017173546856
10172	-8.928037379606062
10235	-8.953999846506944
10242	-8.955514340834664
10264	-8.956617959586424
10271	-8.959410090107747
10278	-8.961686742048624
10285	-8.962916153190786
10292	-8.963958087199076
10322	-8.968518392865516
10337	-8.970596180267357
10367	-8.983326238613033
10374	-8.984772509088758
10381	-8.990321903060806
10388	-9.038564682938603
10412	-9.039907865194703
10427	-9.04984036298525
10483	-9.056864401466227
10498	-9.058549747107056
10530	-9.059641449495015
10569	-9.060671788402507
10617	-9.062015843989133
10624	-9.06747951076833
10695	-9.08030119217268
10717	-9.085733640443554
10739	-9.087588736761756
10754	-9.088610316715057
10761	-9.090583568324
10808	-9.091591527823441
10833	-9.096287240431819
10881	-9.098135555327854
10903	-9.107825075772372
10925	-9.109601907124087
10940	-9.111580752244844
10993	-9.113169616004914
11040	-9.115334041373627
11080	-9.117206275441871
11126	-9.118322146345296
11133	-9.11978865487383
11172	-9.123248025824802
11195	-9.126797268391744
11202	-9.13207971647149
11253	-9.144023044655617
11276	-9.149563181498083
11291	-9.158667262117678
11298	-9.159884469939563
11313	-9.166874921845068
11320	-9.170548360595769
11335	-9.172817711466317
11366	-9.173857531717067
11383	-9.177468324815726
11413	-9.185659374892463
11452	-9.191684618427896
11475	-9.192733325695022
11505	-9.198629689297794
11512	-9.20046788013042
11550	-9.202550691350446
11572	-9.204795700794687
11588	-9.205930095114196
11611	-9.211469672843412
11618	-9.212872600721326
11641	-9.217438315547202
11665	-9.218805624059176
11689	-9.220220176538145
11727	-9.223022682742029
11734	-9.227348440556632
11772	-9.230621194917065
11811	-9.231753332634025
11826	-9.236989130108425
11850	-9.241660243878236
11872	-9.261788532370103
11894	-9.26424111729579
11916	-9.266460210385972
11954	-9.273539584511182
12008	-9.276818385763203
12022	-9.277925623314287
12044	-9.280763683969814
12074	-9.28463306299442
12112	-9.28630998787008
12143	-9.291200250745712
12191	-9.292419043880356
12213	-9.295862854358765
12237	-9.305254190037724
12260	-9.3136249451835
12299	-9.32127586544552
12306	-9.323372542220723
12328	-9.325088737776952
12351	-9.32624797110056
12366	-9.32983568076873
12373	-9.33293588372119
12388	-9.338385776431432
12411	-9.339471012193036
12434	-9.340861913578422
12457	-9.341943006982069
12509	-9.360121332210516
12530	-9.362788662518074
12554	-9.363965670043811
12627	-9.373219311142243
12642	-9.374518137340594
12649	-9.375541686719059
12671	-9.381759435796177
12693	-9.382847100778298
12718	-9.38558507227526
12740	-9.388199811985883
12777	-9.389323484222714
12802	-9.398193331154117
12825	-9.400567232352987
12857	-9.40157956248768
12880	-9.413077855500905
12902	-9.419972173937397
12925	-9.422374338085344
12996	-9.423774446576473
13018	-9.431392019942853
13039	-9.432995838045134
13062	-9.43871065431975
13086	-9.444842093326926
13133	-9.448320223150503
13182	-9.449807263263528
13197	-9.451820386475369
13228	-9.454864389200694
13252	-9.45648399593102
13292	-9.45756436699586
13332	-9.458917584065755
13389	-9.462916620919248
13396	-9.465939963591401
13436	-9.467019156730114
13538	-9.46805087422588
13569	-9.469274254591104
13633	-9.470421202172576
13688	-9.47210234118403
13736	-9.473644495483194
13758	-9.480243252087238
13824	-9.481806413338113
13855	-9.484167428053949
13880	-9.487889038203088
13935	-9.489016213229764
13951	-9.49610159585705
13974	-9.50356563194523
13997	-9.507364362654638
14012	-9.513032302746359
14041	-9.529768364012824
14077	-9.533031418491836
14084	-9.534411194997253
14098	-9.535523801735907
14129	-9.539358926621395
14244	-9.540801167820794
14251	-9.54299773126538
14273	-9.547749565826642
14288	-9.549214017504285
14335	-9.550342419529454
14359	-9.55148512927329
14373	-9.552706742916268
14404	-9.553767008769915
14434	-9.557235371137724
14457	-9.559335319645712
14478	-9.561137418619156
14516	-9.562616004851765
14531	-9.563819120384636
14602	-9.564860441463853
14643	-9.566761055584522
14715	-9.56936148571552
14779	-9.570743886468124
14786	-9.577005527593276
14861	-9.578177955106353
14886	-9.589339970208606
14935	-9.590472509272297
14976	-9.59214833329686
14999	-9.594664476065324
15023	-9.595732940247174
15045	-9.597130505227446
15052	-9.600469928558168
15100	-9.606995477788427
15172	-9.627128026652255
15237	-9.628128816038325
15286	-9.629757775635616
15386	-9.632235490245748
15393	-9.635063750025479
15408	-9.637113270888277
15433	-9.640495667374275
15440	-9.642922103220586
15464	-9.644671829323233
15487	-9.645729843529544
15510	-9.647192695041964
15533	-9.65051519024794
15555	-9.656001809009124
15571	-9.657731042840128
15578	-9.661839237247962
15601	-9.662880799853859
15624	-9.667817775372251
15647	-9.669155651567346
15670	-9.681363396101174
15693	-9.690120134981967
15715	-9.693329027086104
15737	-9.695387337223965
15752	-9.696434094370453
15759	-9.69950547277376
15807	-9.700694940936115
15899	-9.703799531434617
15947	-9.704873129350203
15954	-9.707494181169901
16006	-9.709585586467004
16022	-9.717282184372243
16045	-9.719490015199042
16076	-9.723248627671033
16099	-9.731131649656438
16144	-9.754968259681092
16151	-9.756032451876498
16158	-9.758333915562638
16187	-9.778071336019735
16252	-9.77912209401984
16292	-9.780196105175454
16325	-9.781789706790434
16363	-9.78283421587023
16378	-9.792670364752594
16442	-9.796103302658166
16463	-9.797157318533444
16470	-9.800255614294016
16493	-9.801638287397465
16516	-9.804034926973245
16531	-9.805163000248605
16554	-9.809375270411191
16561	-9.810428989150015
16592	-9.811735622510383
16606	-9.813534987374538
16621	-9.814827641743172
16652	-9.838255985213301
16674	-9.839307814299405
16740	-9.840674118013904
16772	-9.841745011459325
16863	-9.843322821173066
16894	-9.845309028162232
16917	-9.848501239127359
16958	-9.85021874304374
16965	-9.852812388716302
16997	-9.853852369788301
17040	-9.857518114561955
17056	-9.863482092283475
17079	-9.865434333294214
17110	-9.866683534433822
17127	-9.87050433283121
17158	-9.872401977608314
17233	-9.880047264985553
17256	-9.890019418872079
17328	-9.894052421128839
17377	-9.902208276259472
17428	-9.904739299770632
17502	-9.911210395201449
17525	-9.91346873494272
17549	-9.914489919293407
17589	-9.921962088359216
17596	-9.925635260003864
17644	-9.930586663324927
17660	-9.933326222786445
17667	-9.93902344075843
17690	-9.946763629963007
17737	-9.947906601046732
17785	-9.950032982251807
17823	-9.951093607295746
17854	-9.956433637130884
17876	-9.958373940941224
17898	-9.965859551973548
17921	-9.97041042817457
17971	-9.971464328841076
18023	-9.973505560933088
18063	-9.974581088880498
18070	-9.983857901973979
18108	-9.98786528230759
18165	-9.989708709502166
18187	-9.991184935816186
18209	-9.992601950993661
18234	-9.995984429114484
18279	-9.999022967614291
18303	-10.000900982957381
18349	-10.002109444780727
18371	-10.003281691553829
18395	-10.007795088478172
18466	-10.012907286930751
18489	-10.017684930308722
18504	-10.018787600758733
18560	-10.025171425056724
18650	-10.027717839987394
18657	-10.059853329385685
18694	-10.06245920964387
18749	-10.06658582412912
18789	-10.068505342389356
18860	-10.069721199904746
18890	-10.072352054896138
18913	-10.073410521466409
18956	-10.074610835483469
18988	-10.075647902705779
19029	-10.076683686127097
19053	-10.077907912479132
19119	-10.07895433059291
19159	-10.081226523289864
19206	-10.085072246563508
19277	-10.08756024993527
19350	-10.095481810652743
19423	-10.11326607710617
19446	-10.114429690097788
19512	-10.115577832326805
19519	-10.118642159044494
19560	-10.120311927664229
19567	-10.121338159375497
19582	-10.125858252393712
19589	-10.128687312405813
19611	-10.130795765985395
19634	-10.132724821661078
19676	-10.140942830221368
19715	-10.142210896093896
19749	-10.150301139014074
19756	-10.152609691972488
19804	-10.153854050855147
19851	-10.156887788852396
19875	-10.157937412538729
19922	-10.159139347605436
19996	-10.16310344669182
20011	-10.166795235366042
20018	-10.169781636571747
20033	-10.170896441889079
20064	-10.172011869639437
20079	-10.17313877938285
20086	-10.175646554779776
20118	-10.176834801925027
20133	-10.181134775662875
20157	-10.18612923472925
20197	-10.187288443826624
20204	-10.189254196613835
20255	-10.191856941654072
20278	-10.19355881618771
20302	-10.195096517745602
20324	-10.198106816556393
20347	-10.199350323244717
20371	-10.201295646005814
20395	-10.204322969621266
20444	-10.205660750328716
20468	-10.206731907379124
20541	-10.207990852434127
20565	-10.222581800596076
20631	-10.225544409248956
20654	-10.227227495966702
20685	-10.22948773490601
20708	-10.233518497501029
20756	-10.23458388843122
20779	-10.235746058266757
20845	-10.237077294132698
20852	-10.240400032472259
20874	-10.242053004432204
20921	-10.243231320364531
20971	-10.246467967447805
21075	-10.249565323495009
21125	-10.250851040437237
21166	-10.25441851148108
21213	-10.255577618765146
21220	-10.256692674556138
21287	-10.257947357624571
21294	-10.259270944424024
21317	-10.260380855614642
21388	-10.26215111247135
21437	-10.265193906550676
21460	-10.283486813266059
21505	-10.285023895607033
21536	-10.286115416370768
21579	-10.287447308669371
21652	-10.289909114471444
21703	-10.291838409051493
21728	-10.296258848914844
21775	-10.297819106096476
21815	-10.300825743356445
21838	-10.301836262658554
21892	-10.303108625737208
21915	-10.305724742411805
21938	-10.306909437956769
21965	-10.307952065330788
22014	-10.309212968153739
22063	-10.311444211171152
22096	-10.312454098891763
22136	-10.316969904589984
22185	-10.320236859654838
22250	-10.321291099214548
22281	-10.323661828053591
22344	-10.32468953454289
22352	-10.330775298860711
22375	-10.338641885345295
22420	-10.350754494300798
22427	-10.352661267027607
22441	-10.35587914493746
22456	-10.356884506452326
22514	-10.360138520063078
22587	-10.363483754851359
22760	-10.365315125961937
22809	-10.366889809706295
22873	-10.371577637223899
22880	-10.375008254258848
22918	-10.37603334967895
22973	-10.378529584076462
23064	-10.379533919403844
23120	-10.38364188854369
23169	-10.385017030709102
23193	-10.38643555170591
23245	-10.388870505493832
23268	-10.391184421792774
23291	-10.394299269524309
23314	-10.396914434991423
23367	-10.399246280128109
23428	-10.40045136746701
23443	-10.402662680616988
23517	-10.403988384917426
23532	-10.405214148680056
23564	-10.407676709533746
23586	-10.415555904139786
23659	-10.41872053885652
23682	-10.419805055847407
23716	-10.420806702985693
23723	-10.42386391378519
23754	-10.425081081283913
23786	-10.426430446271466
23817	-10.428748095608197
23842	-10.430409153200618
23873	-10.437388529472807
23896	-10.448010081722796
23934	-10.44926795216047
23949	-10.45034672287248
24008	-10.4514952212241
24038	-10.45262448507797
24061	-10.454268803118335
24084	-10.455360722170767
24109	-10.460687794641824
24158	-10.461753317353763
24209	-10.462981257137425
24251	-10.464010724691542
24281	-10.465599354792174
24323	-10.468164819254762
24354	-10.469368292833972
24379	-10.472163871767034
24418	-10.473444406333874
24425	-10.474601655143612
24440	-10.477174723387977
24471	-10.478620332943612
24495	-10.480991974296867
24510	-10.48310868246276
24517	-10.484172875814224
24540	-10.485852365010707
24562	-10.510180906050952
24600	-10.51118886126233
24634	-10.515963537943806
24682	-10.5170324686498
24733	-10.518707575750653
24783	-10.520600027054035
24806	-10.528479225442732
24873	-10.531112454736004
24901	-10.533075371220653
24941	-10.535606140741837
24948	-10.537291917637262
24971	-10.540023785035432
25002	-10.541399498150005
25032	-10.543517817258813
25085	-10.544570584155828
25107	-10.546020962706654
25122	-10.547360963202415
25179	-10.548876405706718
25202	-10.553630804163223
25253	-10.555061540199574
25277	-10.556241210099573
25317	-10.557304159583316
25350	-10.559095723498482
25372	-10.560639367803752
25464	-10.562127208369493
25487	-10.564938358978502
25511	-10.566255178327841
25541	-10.569423585629002
25557	-10.57322126639891
25629	-10.574356769481906
25661	-10.575469510189933
25686	-10.584273895314045
25726	-10.586426775248222
25749	-10.588680718317077
25805	-10.593935590695335
25821	-10.59664121115734
25853	-10.598797485437
25900	-10.599906223155392
25922	-10.601575676632917
25945	-10.608601199346534
26007	-10.609693109309509
26063	-10.613223703882332
26087	-10.616041747761773
26112	-10.617172812958263
26159	-10.61943574165792
26183	-10.623135571698935
26246	-10.625205085786401
26278	-10.653958522797161
26301	-10.656865546376014
26323	-10.65817677113416
26346	-10.659211242404018
26387	-10.66030312486208
26411	-10.661322206530826
26445	-10.662546963260318
26493	-10.666856178516966
26532	-10.668154766519068
26588	-10.67237322740954
26603	-10.674974528478142
26635	-10.67721957650151
26729	-10.678539140615783
26754	-10.679936805477961
26800	-10.692625423669837
26823	-10.694237919417487
26897	-10.698088895007437
26921	-10.704421505354626
26944	-10.70580246523421
26993	-10.707200730100775
27033	-10.708343197724234
27048	-10.709431749615845
27079	-10.713036265193773
27086	-10.740346445775096
27133	-10.741584229827579
27202	-10.744070840425968
27217	-10.746606517842228
27224	-10.74978668692697
27272	-10.750917289276021
27294	-10.754185638881419
27361	-10.755333278181226
27393	-10.76261200651723
27416	-10.764533687574692
27441	-10.768246852771545
27465	-10.770684955085851
27489	-10.772313664695156
27553	-10.773700673032026
27560	-10.776848523741508
27609	-10.778236209655965
27633	-10.782451919622645
27703	-10.786387327986088
27752	-10.792437381287167
27775	-10.802785493581126
27815	-10.804201724113478
27847	-10.817087240238966
27949	-10.82034501515676
28016	-10.821747716896581
28076	-10.822807943840536
28099	-10.826721464947664
28114	-10.83059078796175
28145	-10.831899753407757
28184	-10.833474743010235
28199	-10.834541445498555
28238	-10.836090365645507
28261	-10.83794802338134
28287	-10.8467653823506
28355	-10.84786389756158
28386	-10.849217494691787
28435	-10.850544518168721
28458	-10.853708117658934
28481	-10.855244357480892
28522	-10.856633045291346
28553	-10.857963302683553
28577	-10.859141225569218
28627	-10.860290925921001
28699	-10.862968607674523
28722	-10.869309930673182
28736	-10.870932235128608
28768	-10.874942093670835
28814	-10.876201792333513
28839	-10.883040198324002
28886	-10.884557316718743
28980	-10.885667421873558
29011	-10.895648662781179
29059	-10.896725598893099
29076	-10.898949069304743
29100	-10.902115658547467
29132	-10.903345309949495
29157	-10.906951808159883
29195	-10.908702482948089
29219	-10.909970916922147
29251	-10.911025876960956
29301	-10.91203665910662
29323	-10.914897656732817
29426	-10.916751082439465
29503	-10.918468128895602
29555	-10.919748358515022
29605	-10.921211317220298
29695	-10.922780629491148
29752	-10.927308464020465
29790	-10.928417741575334
29797	-10.93054797549084
29843	-10.932398807272172
29915	-10.936499402172464
29955	-10.938033555994258
30012	-10.939339135619585
30059	-10.940645457154481
30109	-10.941937462224406
30133	-10.943114477781132
30185	-10.949971254138603
30264	-10.951169040348073
30279	-10.952178765159431
30303	-10.953636788367909
30327	-10.955198956196469
30394	-10.956724465272353
30469	-10.95815436242828
30518	-10.961839583605396
30584	-10.963848601620917
30600	-10.965061302118857
30615	-10.96763367806241
30638	-10.972683244869337
30654	-10.973772255679322
30738	-10.975032224210963
30805	-10.97898053485861
30812	-10.985675278867806
30835	-10.993801051170127
30857	-10.995164851019702
30888	-10.996680260458437
30902	-11.002800658376291
30916	-11.003940964969722
30948	-11.021061495689162
30973	-11.023166685803337
31039	-11.024656975061745
31046	-11.030747232268649
31094	-11.033333890476536
31198	-11.034634097788528
31312	-11.036834593093563
31343	-11.039601046580138
31399	-11.040857870909443
31438	-11.049916428741538
31560	-11.051778335872257
31582	-11.053347711953705
31624	-11.054609251342402
31674	-11.055609797021383
31707	-11.058039774251283
31778	-11.066919071978557
31805	-11.070157501076727
31829	-11.074065125642242
31844	-11.076045275811303
31868	-11.077235460537867
31915	-11.078281824074471
31955	-11.079285304985016
31971	-11.082108492643652
32010	-11.083162515517445
32017	-11.088669951998813
32039	-11.091012199350661
32114	-11.092250199451493
32153	-11.09421899202651
32185	-11.095300570458024
32208	-11.10231979062439
32232	-11.105045237625445
32307	-11.107974089832382
32332	-11.110698735964183
32355	-11.113926661538978
32395	-11.115521333620855
32402	-11.1173333544011
32435	-11.118393876723204
32449	-11.119989864985254
32464	-11.121276544175027
32494	-11.124495772438177
32540	-11.13146669486336
32565	-11.13352397057361
32638	-11.134763255898877
32687	-11.136941850143343
32736	-11.139641234764092
32786	-11.141101859087797
32835	-11.14253610088179
32861	-11.145801969322072
32877	-11.147916188122382
32908	-11.149589822335397
32931	-11.151327228733058
32974	-11.15298561307905
32997	-11.15438587359646
33029	-11.158619776381437
33102	-11.1681363786728
33148	-11.16920985129463
33171	-11.173679726205476
33246	-11.174915878168827
33270	-11.183111950800445
33319	-11.184602706089294
33370	-11.18596489608577
33418	-11.18798380679504
33441	-11.189417042627099
33481	-11.190449917040823
33539	-11.191452287367401
33563	-11.217103290251595
33585	-11.218298344049
33681	-11.221019566980846
33732	-11.22203979735911
33772	-11.223125519104519
33805	-11.22519880273301
33830	-11.230538173948457
33877	-11.233036848600488
33952	-11.235898476412034
33968	-11.236906775384199
34000	-11.238551239821769
34023	-11.239959846394909
34040	-11.246042517839692
34096	-11.249656088519728
34174	-11.25092352312384
34214	-11.25281571249622
34221	-11.254753502477964
34293	-11.25668314090897
34318	-11.257840913691213
34343	-11.262914103461322
34403	-11.263927861048113
34443	-11.269937712240466
34490	-11.271308524703887
34513	-11.273235156016943
34584	-11.27812986663025
34623	-11.279155964792734
34630	-11.280500596755315
34680	-11.282588244401898
34749	-11.283869311061144
34780	-11.30917493804209
34828	-11.31042737768699
34898	-11.313346485757394
34938	-11.316248065124688
34960	-11.317799790623129
34967	-11.32540750356047
34989	-11.327044713952153
35011	-11.329755473728298
35065	-11.330863843254924
35151	-11.342480963886045
35158	-11.345098450706429
35219	-11.347297347423604
35241	-11.348329416331973
35256	-11.350169825599327
35309	-11.352019449698382
35384	-11.354504343586264
35455	-11.356186678882821
35520	-11.357788850567784
35527	-11.36090060714086
35549	-11.362457686186362
35565	-11.365558278833426
35572	-11.383418011889702
35613	-11.384511873739239
35661	-11.385516712866625
35692	-11.388278525139528
35708	-11.38932652807211
35739	-11.390482227402266
35778	-11.39183515284029
35785	-11.394700044059684
35808	-11.396775045052335
35868	-11.397802241676423
35908	-11.399661227234784
35931	-11.404793417255767
35954	-11.406632447110203
36010	-11.407952671316021
36049	-11.41286675049692
36071	-11.418226571270692
36095	-11.424093140910575
36120	-11.427289657085973
36193	-11.428436715981936
36241	-11.434740641205215
36264	-11.442166939013681
36279	-11.444000756277063
36304	-11.445003353075489
36362	-11.446008016474366
36411	-11.447016998645886
36458	-11.449768372712944
36525	-11.450904177517737
36532	-11.451994561894507
36580	-11.460823017577804
36680	-11.461832153879925
36718	-11.46305939300415
36741	-11.46423488865723
36772	-11.468426476225746
36872	-11.47101112580973
36913	-11.474090156398512
36920	-11.476258717567337
36969	-11.478178318843757
37011	-11.47985693707376
37096	-11.480882981133238
37160	-11.481949183920314
37208	-11.48665931496096
37215	-11.490300320740435
37230	-11.49175178011008
37260	-11.495715014807258
37314	-11.49672194381615
37377	-11.49798062946144
37424	-11.499652850262361
37468	-11.502187684260704
37499	-11.503986874730778
37524	-11.505945820267401
37566	-11.507260098376136
37581	-11.508373328128364
37588	-11.510645484488219
37643	-11.513095860036328
37692	-11.514382239358902
37735	-11.516291063306193
37742	-11.519321515831786
37781	-11.520357650842199
37837	-11.52335619838331
37912	-11.524978785118932
37986	-11.526468314795995
38039	-11.528245676529446
38063	-11.529425146062422
38133	-11.530454478206924
38207	-11.532720614214895
38214	-11.533775158723298
38229	-11.53518659542609
38236	-11.54502481756067
38277	-11.546242546100585
38350	-11.547503583666058
38380	-11.550918175274663
38403	-11.552400134272933
38427	-11.553716174921476
38442	-11.555365370978317
38497	-11.556609720471828
38546	-11.558010507682948
38571	-11.559328851101213
38596	-11.561655822419088
38639	-11.56329080025039
38670	-11.565947571052346
38701	-11.566958184654379
38725	-11.568017025421625
38818	-11.569521686541995
38855	-11.57061580575507
38886	-11.572156918495601
38935	-11.573735002349306
38985	-11.574809139661712
39085	-11.575977071816439
39109	-11.57911947419962
39132	-11.581105151192624
39207	-11.585297194631119
39284	-11.5866611926296
39301	-11.588466270909935
39308	-11.5903889830864
39331	-11.594415401343001
39346	-11.598038493327905
39353	-11.60152453089265
39377	-11.614833848901801
39384	-11.617226413703357
39398	-11.625217837516772
39443	-11.65234121923157
39466	-11.653531378037709
39491	-11.65548150452531
39498	-11.659248500238327
39532	-11.660662286818942
39561	-11.66190651766337
39633	-11.662964095323813
39672	-11.66432088161165
39695	-11.666655058352749
39702	-11.668237920994464
39724	-11.67152412157997
39775	-11.672696741505261
39790	-11.675199271033154
39812	-11.67738805952745
39869	-11.678467438388992
39925	-11.679580791415988
39940	-11.680841336089387
40042	-11.682205817105903
40057	-11.68449717636429
40106	-11.689936360977171
40188	-11.691347164659398
40222	-11.692473346756836
40261	-11.693634617092087
40286	-11.695231255802042
40353	-11.696373747860353
40361	-11.698145653291837
40410	-11.699271200986425
40457	-11.703710655856806
40499	-11.705048916152105
40530	-11.706206100700232
40595	-11.707280240263719
40644	-11.708777528308525
40678	-11.70986689642997
40701	-11.712216706252972
40726	-11.715528532505708
40777	-11.716703903329357
40803	-11.718510849383554
40854	-11.719987532887728
40884	-11.72100196676065
40898	-11.723460808845292
40945	-11.72500509485668
40993	-11.729798754769691
41031	-11.731044548707334
41038	-11.73864079039284
41140	-11.740002775311812
41183	-11.74152480339378
41190	-11.743639525400857
41230	-11.74466520791741
41292	-11.745808230490354
41369	-11.747164078251238
41446	-11.74818939607573
41550	-11.76338186668837
41597	-11.766024551530714
41645	-11.767297587186649
41668	-11.768528319942195
41717	-11.769624531265883
41767	-11.770766014656818
41792	-11.77219152405612
41846	-11.773218835088084
41919	-11.774393491182677
41977	-11.775758951631559
42016	-11.779047601601508
42039	-11.780359997429187
42089	-11.784798054577356
42137	-11.78588746646513
42211	-11.787222021220684
42278	-11.789591484304099
42310	-11.790958812128272
42335	-11.793426335642964
42358	-11.79586549767753
42398	-11.79916150645436
42447	-11.800191416929506
42497	-11.803309935522188
42546	-11.804360297562942
42569	-11.811804026439113
42576	-11.81460707237089
42622	-11.815904123414805
42698	-11.81746576725274
42797	-11.819218827918467
42847	-11.820608607293664
42899	-11.823925636944299
42941	-11.827772354686712
42973	-11.833259698989568
43054	-11.834349646306775
43061	-11.837654234849698
43102	-11.838811768753825
43117	-11.840540511135806
43158	-11.841800941050092
43165	-11.843680508816341
43213	-11.844707975869484
43237	-11.8488601435043
43310	-11.852648531989702
43395	-11.853922155303241
43436	-11.85586002317168
43461	-11.86009191867821
43476	-11.863304569792474
43499	-11.864566476810902
43506	-11.867943397634809
43529	-11.869453842601324
43602	-11.871046479847386
43644	-11.872132057327994
43677	-11.874714507554552
43695	-11.974766259583674
43696	-12.308759433684651
43710	-12.38038279027845
43732	-12.410837484990585
43739	-12.412275292031456
43762	-12.415898131939876
43775	-12.515750784992992
43782	-12.535907005423384
43789	-12.546432258145094
43795	-12.58312259739889
43809	-12.588500815620977
43816	-12.621339314930351
43823	-12.632713879999464
43830	-12.633788978425919
43869	-12.635113979984705
43885	-12.757107983573526
43908	-12.786787929483452
43915	-12.799608494664922
43930	-12.808781797700362
43937	-12.80992542928592
43960	-12.81094415532186
43983	-12.82447668364605
43997	-12.83071660603013
44027	-12.834363087403585
44042	-12.852122768221268
44049	-12.862112112996163
44064	-12.865634102277763
44095	-12.867139876576273
44119	-12.873675577720324
44142	-12.875427963150132
44157	-12.878047630892613
44164	-12.88005831169855
44178	-12.925786968622862
44193	-12.927082424004524
44200	-12.944676630379684
44222	-12.947042217429264
44254	-12.94875801261633
44271	-12.955104954336145
44302	-12.956404614501249
44317	-12.958057398259493
44324	-12.97401797627448
44363	-12.989561280218592
44370	-12.990729865906303
44385	-13.00511508005696
44417	-13.007031589698746
44442	-13.01145091706353
44457	-13.014918508572343
44464	-13.016634419698295
44479	-13.020311063035452
44486	-13.021582574686438
44501	-13.025300651678053
44551	-13.034626663225877
44574	-13.042818234131078
44597	-13.046671888265333
44604	-13.060719975228412
44643	-13.062391360998843
44667	-13.076392825324115
44682	-13.077422482393247
44689	-13.079348552332931
44696	-13.080967331206692
44710	-13.084405243706076
44733	-13.08689156313122
44774	-13.08790611209968
44789	-13.089436811426841
44804	-13.094901565913892
44835	-13.097922750223912
44900	-13.100805027897975
44916	-13.101999825034618
44931	-13.10304252550942
44955	-13.10682335358175
44970	-13.108805213676947
44985	-13.109988024897083
44993	-13.114669873456988
45000	-13.117620855080913
45015	-13.123487774734787
45022	-13.1245947277549
45037	-13.12630044756181
45070	-13.12828813184993
45109	-13.130632002710309
45141	-13.132191106832908
45156	-13.13671806792069
45181	-13.13904592393988
45188	-13.149300245638956
45203	-13.15326786502024
45210	-13.158141086078183
45233	-13.159150261682807
45258	-13.16385877743392
45282	-13.16594494815035
45297	-13.167088764700697
45305	-13.168643390392885
45329	-13.169719111900733
45351	-13.19175768979389
45401	-13.194325027011603
45417	-13.231639321938411
45448	-13.235158459419155
45471	-13.275770859289834
45496	-13.277181814846987
45538	-13.279661977770477
45545	-13.281488847675435
45568	-13.282840348473886
45583	-13.284540510737095
45590	-13.286846771651101
45605	-13.290054705313386
45629	-13.294689950490037
45663	-13.295813770141876
45694	-13.296891166939124
45709	-13.308355374634134
45731	-13.313749477632157
45746	-13.31997848261408
45801	-13.329787102289
45833	-13.330904541931808
45848	-13.332141670007918
45865	-13.333787334454433
45872	-13.339130085660473
45895	-13.359824357451119
45919	-13.361071099636185
45934	-13.371757161173866
45941	-13.390157135374439
45965	-13.395868069827115
45990	-13.400491622998487
46005	-13.403080955308866
46029	-13.404691499333271
46036	-13.451998418818112
46084	-13.458236947995143
46101	-13.459434846701672
46131	-13.46064873078328
46148	-13.46389027069596
46179	-13.465985946571454
46194	-13.470968512453604
46224	-13.473090069295012
46262	-13.474145903033685
46294	-13.4810306304883
46318	-13.48203615658406
46333	-13.483334215207144
46341	-13.484378317680928
46364	-13.485461864160058
46387	-13.513033700969357
46426	-13.515741242585671
46433	-13.520812589416066
46482	-13.522091106025234
46547	-13.52346624687796
46554	-13.528662567772816
46569	-13.529685265007254
46600	-13.531008985508723
46615	-13.533356249877254
46638	-13.535620135402638
46668	-13.553486751023394
46720	-13.557929190304748
46745	-13.566045984405442
46810	-13.567669190787054
46866	-13.56946241976066
46889	-13.570484528333148
46938	-13.571556477992289
46979	-13.57619916869299
46995	-13.577440383622953
47010	-13.586346086499155
47057	-13.5875385187522
47080	-13.594509451901436
47105	-13.599488807134303
47155	-13.600549481918478
47173	-13.605731282031577
47196	-13.607398827057404
47203	-13.608896117593769
47252	-13.614090939839464
47298	-13.616707488328803
47345	-13.619407096508555
47391	-13.620504541681766
47406	-13.622080605749819
47463	-13.630921020316642
47478	-13.633123555066653
47501	-13.63952730023306
47508	-13.646258210670032
47531	-13.647886052333567
47553	-13.649295247505695
47568	-13.651670052032431
47591	-13.652947389029748
47598	-13.655577445378036
47613	-13.657018337765109
47645	-13.671005625186961
47660	-13.673193965682803
47667	-13.675132623775458
47690	-13.67679566527901
47715	-13.679375072700752
47738	-13.681757721984667
47784	-13.77567250065359
47807	-14.092000049749323
47814	-14.111012618723347
47821	-14.113602011211793
47844	-14.116910436150285
47851	-14.17490522587148
47858	-14.175988482088203
47888	-14.177556510400965
47911	-14.179854898909799
47936	-14.184884141814948
47986	-14.186550365709868
48016	-14.188504196654028
48031	-14.191701596316175
48054	-14.19293401271739
48093	-14.194138356403968
48107	-14.2082114427877
48129	-14.218269374485903
48151	-14.225339283481704
48174	-14.230180728715906
48189	-14.232741974466235
48211	-14.237533614503713
48259	-14.238796683758276
48266	-14.245939508990604
48308	-14.247366025807068
48315	-14.251463435954408
48362	-14.25279682432468
48429	-14.255346955653502
48436	-14.257485680215714
48504	-14.270002632185564
48535	-14.271784484047108
48611	-14.272951570330225
48626	-14.27443768680228
48633	-14.277087537867668
48706	-14.278119342009369
48721	-14.279660559273456
48751	-14.282651747535109
48774	-14.288036758895466
48804	-14.289144793289932
48819	-14.290552056279733
48877	-14.291632596217893
48884	-14.292951446579226
48908	-14.294037477682478
48931	-14.296938053844194
48986	-14.30128210764915
49035	-14.30241466483017
49053	-14.30499362774724
49093	-14.306186031380856
49124	-14.324364076990797
49148	-14.325488006088129
49179	-14.327961593340543
49205	-14.329017947868833
49222	-14.330966639514685
49229	-14.332584521175136
49244	-14.34812498085742
49266	-14.349289069198246
49273	-14.351940648771555
49295	-14.357043466145738
49336	-14.358155358890983
49343	-14.366847151026398
49358	-14.370116060854807
49365	-14.371257894639017
49380	-14.3742815712678
49387	-14.376260865644056
49410	-14.377975858132245
49434	-14.384885053235978
49451	-14.38640850350317
49474	-14.389733942527723
49481	-14.393437015596957
49514	-14.39474716972267
49530	-14.399032674369561
49555	-14.401395701772103
49570	-14.404966814605997
49603	-14.406074003662228
49630	-14.409606039937335
49672	-14.415155278838963
49679	-14.418812947469798
49717	-14.420449554265216
49724	-14.423640275152009
49748	-14.425010151742375
49764	-14.427234233672838
49787	-14.431266642150149
49794	-14.433337377048444
49817	-14.44811289621423
49867	-14.449869820711543
49908	-14.452938070102233
49938	-14.45441153889309
49979	-14.456332684174566
50002	-14.457912722712873
50059	-14.459373117050156
50162	-14.461860009131398
50213	-14.492369299501657
50263	-14.493800735255085
50365	-14.495399601060551
50381	-14.497993060550629
50404	-14.49938534886359
50435	-14.502809518105401
50461	-14.504468233678045
50487	-14.507736942796571
50513	-14.509038749807807
50536	-14.51108310770439
50569	-14.5122898760917
50584	-14.514405117806746
50607	-14.528234160627205
50631	-14.530844768550354
50672	-14.531866144999018
50728	-14.533922231697975
50744	-14.538456463318354
50751	-14.540413382017972
50774	-14.541762061986658
50824	-14.542964660806732
50841	-14.550910801835888
50874	-14.55242782834766
50906	-14.553660842660502
50913	-14.55574945290683
50920	-14.558125108125989
50942	-14.56115507548531
50957	-14.562775737713904
50964	-14.568579767569203
51005	-14.57033442199686
51029	-14.571448605810712
51036	-14.575876994860213
51061	-14.579981205138838
51084	-14.587023364676092
51109	-14.588175578328979
51186	-14.589280596022293
51261	-14.590767754310262
51336	-14.592154565907329
51360	-14.594126468615322
51375	-14.597237150523805
51407	-14.598400597970093
51474	-14.600321648447945
51488	-14.601358284665316
51519	-14.602634139163126
51575	-14.607968389694959
51598	-14.609897920419153
51700	-14.611596348724404
51733	-14.612622991074183
51740	-14.613633284179155
51747	-14.614801353237375
51771	-14.615905924325423
51786	-14.617731494253158
51811	-14.619013198624678
51827	-14.62014678978883
51842	-14.621888965406
51866	-14.633520734262943
51881	-14.636234216936092
51888	-14.644508016651116
51934	-14.647128924708525
51957	-14.65142640885901
51974	-14.653762791377071
51981	-14.655575376207347
52001	-14.759771536973417
52008	-14.864107387062319
52034	-15.105355597009877
52045	-15.308054032797905
52052	-15.315018961768514
52072	-15.343996916046182
52087	-15.372828317234422
52094	-15.385083801911872
52101	-15.389793993227684
52108	-15.414012611407998
52115	-15.417424095607377
52126	-15.419748249181543
52145	-15.442391289334756
52152	-15.450419618136428
52166	-15.468027108769677
52173	-15.469200345922932
52180	-15.506546112790167
52213	-15.507938328021226
52225	-15.513097503930751
52253	-15.514761022980137
52288	-15.549088019327435
52329	-15.555274134240916
52353	-15.556815618852559
52379	-15.572998956757145
52391	-15.578403399507055
52396	-15.595825799526848
52411	-15.607999536318962
52426	-15.610418180366818
52449	-15.611553655895953
52499	-15.614739590926993
52506	-15.624078056724054
52548	-15.62521816288332
52555	-15.63611148231972
52578	-15.638801373846936
52629	-15.642518469251955
52654	-15.647556001867187
52678	-15.649064123521349
52727	-15.660420499197517
52732	-15.662264376063368
52747	-15.663357996870461
52762	-15.664385408817386
52769	-15.66552717904038
52784	-15.667485750196711
52815	-15.670719438395482
52839	-15.671835539892173
52853	-15.673098589149262
52903	-15.677980837399291
52910	-15.681111191252763
52924	-15.683765336046468
52947	-15.685146853582664
53005	-15.686772748078994
53051	-15.6913503309684
53073	-15.705374425002027
53114	-15.706521932326742
53148	-15.713625141549496
53191	-15.715473512328618
53207	-15.717070283114674
53214	-15.72226588342464
53228	-15.724272314419762
53260	-15.725608886836287
53267	-15.73524894751084
53292	-15.740125883988625
53316	-15.741481895875719
53347	-15.743549142351736
53394	-15.745036449611115
53424	-15.74914436692092
53480	-15.750726299812644
53503	-15.754196231656001
53518	-15.756400149863078
53525	-15.780828957840178
53540	-15.78423477628324
53573	-15.786241632381913
53597	-15.79109179651842
53612	-15.793174035522556
53645	-15.798004932433173
53677	-15.799006028437935
53712	-15.80121487822297
53744	-15.802512150299828
53769	-15.80670916532226
53792	-15.808384401923796
53815	-15.81144608128746
53839	-15.817128474299826
53907	-15.818305146871442
53957	-15.81937875225841
54007	-15.820385729097898
54039	-15.8259671827587
54062	-15.830191224259229
54085	-15.837842154696
54108	-15.863753696078211
54131	-15.866399534043953
54157	-15.86777222182739
54199	-15.869402725678631
54230	-15.901303499580692
54271	-15.90295020832959
54302	-15.904248427755425
54325	-15.92035283291053
54366	-15.921635861692158
54423	-15.923371103045078
54440	-15.925528152773573
54463	-15.92743459795426
54470	-15.949797537939137
54477	-15.950957643158068
54484	-15.954461716619264
54514	-15.956922676995719
54529	-15.958182528007987
54552	-15.959970678436237
54584	-15.969496056240422
54598	-15.972174042829263
54606	-15.973348870100704
54629	-15.97685169128859
54661	-15.978007206738617
54694	-15.979363008890859
54701	-15.982625723630786
54724	-15.996638784642384
54749	-16.00220444185207
54765	-16.003249557544137
54788	-16.006925783596632
54795	-16.00928339179577
54817	-16.040716338555026
54840	-16.05694221839802
54864	-16.09339881089949
54929	-16.094834200792906
54961	-16.09843384673621
54984	-16.108225827727335
55007	-16.11244755377026
55031	-16.113698516990272
55046	-16.115099898427985
55077	-16.11644821291752
55101	-16.118269884695582
55126	-16.120061859270336
55141	-16.121170987569236
55148	-16.133982017616088
55173	-16.13797655079907
55222	-16.139553536320687
55238	-16.143910141959953
55245	-16.202358596767752
55277	-16.203760691865313
55309	-16.204804269528463
55325	-16.205885434562987
55340	-16.20754466792933
55363	-16.209256906249415
55387	-16.212231316295533
55429	-16.2133180989362
55436	-16.21829363751928
55459	-16.21935445436673
55474	-16.224012009730686
55481	-16.227148739296776
55504	-16.2285059163145
55519	-16.230160040167657
55550	-16.237966708563693
55565	-16.239065426619852
55598	-16.240625711020343
55648	-16.24171370304612
55700	-16.250143502914227
55741	-16.25184659417721
55764	-16.254148623670353
55794	-16.25526781181641
55852	-16.25630818254055
55866	-16.260657926747058
55889	-16.261961894494867
55905	-16.263980873799547
55964	-16.26663405232294
55987	-16.269877018076166
56009	-16.27172194888186
56031	-16.27855854769105
56046	-16.280709988592335
56053	-16.292154472078934
56077	-16.2933323927606
56127	-16.294901438038305
56150	-16.307076983645796
56165	-16.308166192316023
56172	-16.31061332844601
56195	-16.315472187201635
56219	-16.316566115826244
56258	-16.318144422269125
56288	-16.3195249696666
56312	-16.32456117400557
56337	-16.325636742038558
56353	-16.329263926967755
56367	-16.33329068738694
56382	-16.33476656984292
56418	-16.33591416576539
56425	-16.342237906750313
56448	-16.3438154811148
56474	-16.345849577685293
56523	-16.34738997069889
56573	-16.354910506892097
56596	-16.359730081006923
56619	-16.36156222505943
56642	-16.362812910756034
56666	-16.364650462656677
56742	-16.37271957597172
56783	-16.376326628734432
56791	-16.37776198752669
56814	-16.383658180806272
56838	-16.385765270289127
56863	-16.38759687710826
56878	-16.38936355059005
56885	-16.398369730869547
56908	-16.4089310981337
56947	-16.41122318418684
56997	-16.41231441228217
57031	-16.413589235887727
57046	-16.41745630170705
57053	-16.41874088294748
57094	-16.421133867402858
57116	-16.422478144352517
57163	-16.42372731725843
57170	-16.424860544990075
57194	-16.42726818796978
57216	-16.428504408978117
57240	-16.4501192436757
57264	-16.462091643540642
57313	-16.463602057170128
57370	-16.464645787290863
57385	-16.465691790232896
57430	-16.466971160251024
57437	-16.46965955876911
57460	-16.476684094596173
57475	-16.477779280915527
57482	-16.49255422283863
57506	-16.49402729917808
57531	-16.500456613798402
57615	-16.50214182643022
57638	-16.503700217889694
57653	-16.509102091494306
57695	-16.510206569903865
57702	-16.513903922327646
57727	-16.51765669371243
57752	-16.519312624602765
57768	-16.520334104262226
57776	-16.521640407880515
57801	-16.5229717153427
57848	-16.526835017267114
57881	-16.528345688371104
57913	-16.530232733881174
57970	-16.532600855905923
58020	-16.53363654331759
58071	-16.535971363292617
58097	-16.53926611162568
58112	-16.542640326636842
58119	-16.54391163130738
58160	-16.54544706977131
58167	-16.550928984477984
58183	-16.552007935182946
58191	-16.553046446311384
58207	-16.55413281656028
58232	-16.55673172561786
58239	-16.585848980334056
58278	-16.588818741050552
58285	-16.592363004151405
58307	-16.664625949660653
58354	-16.669438876076892
58430	-16.67103567502258
58500	-16.672143391322212
58532	-16.674402966855762
58572	-16.675621880576376
58588	-16.677193578073545
58604	-16.67864316127375
58620	-16.6801632493366
58652	-16.681698409099457
58676	-16.682818951707862
58691	-16.6844956784665
58698	-16.688637427098925
58720	-16.69057562052147
58795	-16.69181603475772
58871	-16.69294259271089
58946	-16.69851879914456
58970	-16.70045689447909
59021	-16.70167416627139
59063	-16.702890650804434
59071	-16.704272559561065
59098	-16.716803699582222
59171	-16.72716431119161
59218	-16.728806938823926
59233	-16.731166689010113
59249	-16.73219677207057
59278	-16.734119937899024
59328	-16.735150162804374
59371	-16.736359277786722
59387	-16.738499448949355
59414	-16.778558465637484
59463	-16.780020544212526
59506	-16.78131693072349
59564	-16.782445610467647
59612	-16.78959288083204
59653	-16.790879354615072
59677	-16.79208661064599
59708	-16.79313370063126
59776	-16.798358985634422
59808	-16.799484690300886
59823	-16.802763123585542
59855	-16.84770969679257
59877	-16.849475929906728
59901	-16.850503688220137
59925	-16.853485989546215
59969	-16.854609951292435
59994	-16.85634352731936
60067	-16.859133851152823
60075	-16.86042831281203
60090	-16.86166807319817
60113	-16.863955783021773
60144	-16.865252162546348
60160	-16.86640932447084
60192	-16.86818461810003
60245	-16.869698481730847
60260	-16.871645187027465
60283	-16.881471146571222
60306	-16.882770616744953
60338	-16.883835320190574
60363	-16.88503087025044
60387	-16.88632697733273
60431	-16.888506929684123
60462	-16.88959915944137
60500	-16.891864482754684
60623	-16.892880479316055
60655	-16.894021985576476
60678	-16.900845594513264
60701	-16.90190440573906
60814	-16.90588543221767
60838	-16.90780954796555
60869	-16.910204715578672
60891	-16.912530530953354
60941	-16.94140470237196
60964	-16.943358591704154
61033	-16.944753054054196
61090	-16.949005839550278
61113	-16.952646399151124
61153	-16.954714300369368
61184	-16.95830743748455
61209	-16.967267439161226
61232	-16.971715623103652
61279	-16.973700528343873
61336	-16.974888420928576
61351	-16.97890716055602
61374	-16.981316296500676
61416	-16.98389241647522
61475	-16.98888966220005
61524	-16.99162009999683
61565	-16.992655682949138
61624	-16.99378834545215
61658	-16.99492904749454
61673	-16.996316908496876
61712	-16.997462921247063
61719	-16.998774894219274
61745	-16.999944866399538
61761	-17.00170359923756
61870	-17.002811114368516
61887	-17.005896780189584
61976	-17.0069774524802
61992	-17.008064414641062
61999	-17.01030446087606
62037	-17.011897380349957
62070	-17.013772222921382
62092	-17.018836126350493
62116	-17.0199444052548
62130	-17.021037104851096
62162	-17.022047993040786
62186	-17.023171253816255
62283	-17.026871196069507
62307	-17.028152343658068
62357	-17.03244322168954
62397	-17.033981855572044
62405	-17.035285896861684
62506	-17.036682534959894
62564	-17.037725357003232
62606	-17.038888092204648
62677	-17.040882543291623
62701	-17.045123842540153
62757	-17.04621903887485
62772	-17.04799236068181
62820	-17.06130540517756
62835	-17.062952466032453
62842	-17.065974500451453
62858	-17.068906496796846
62891	-17.074122676694977
62915	-17.07730855018201
62962	-17.078449046116017
62980	-17.083571698700645
63011	-17.087791020975732
63059	-17.088959870091404
63134	-17.093204621826597
63223	-17.094617951528456
63279	-17.096262054048825
63303	-17.098340863600455
63326	-17.105900434602443
63351	-17.109030917817975
63374	-17.110577446049245
63424	-17.11176718806688
63498	-17.11463026647466
63675	-17.11612494249135
63699	-17.118534858953996
63777	-17.11962808797978
63818	-17.122615231963284
63927	-17.123706974824806
63943	-17.124848624763597
63966	-17.127197460187922
64032	-17.128432202940726
64175	-17.1311063997713
64199	-17.132454440753175
64296	-17.133661967150523
64389	-17.13693038101988
64412	-17.138655984166387
64459	-17.139896406084237
64467	-17.141112595293436
64515	-17.142117690232748
64554	-17.143277613485733
64587	-17.144917905216992
64686	-17.145933780146414
64711	-17.15367372479313
64762	-17.155311576354794
64862	-17.156805445943288
64888	-17.158223180735504
64927	-17.159413752405694
64960	-17.16046700282962
65031	-17.163717698111252
65079	-17.166008165289014
65143	-17.167297663354
65175	-17.17095582785299
65254	-17.172037785963177
65329	-17.174906918388913
65369	-17.17620507269106
65400	-17.177541146749693
65425	-17.17920737083268
65473	-17.180913195547856
65523	-17.182614808169284
65598	-17.183970321837144
65687	-17.18502767141929
65695	-17.186225572917156
65736	-17.18745673708954
65794	-17.18849524591748
65858	-17.189533698158233
65944	-17.190599903909625
65969	-17.192434008353597
65993	-17.19349621103579
66046	-17.19479240094553
66125	-17.19589602307592
66203	-17.196967681344425
66234	-17.198320699236437
66273	-17.199360235121542
66325	-17.200531793022854
66395	-17.20259735366214
66460	-17.204644637356317
66520	-17.205932385859768
66544	-17.20802309185828
66596	-17.20942419969095
66619	-17.211240838337478
66671	-17.212288613286397
66696	-17.213507546427614
66736	-17.215064454398238
66768	-17.216153555458117
66869	-17.217269435041544
66890	-17.22193375063605
66913	-17.223342505918566
66988	-17.224825982790364
67087	-17.22622674465717
67118	-17.227274917583006
67183	-17.22851127931176
67235	-17.229724542353516
67262	-17.231252345525878
67277	-17.234163535588067
67309	-17.23663006348156
67332	-17.237938878355127
67381	-17.2391710346447
67510	-17.241027817924802
67584	-17.242527537134517
67650	-17.243779975196375
67674	-17.24479119209139
67710	-17.246234693332152
67759	-17.250486280660862
67784	-17.25217155743027
67808	-17.255081224418767
67871	-17.256600938058845
67878	-17.25769753766895
67927	-17.25960925557799
67952	-17.260778223214533
68025	-17.264629415128443
68050	-17.267798956363933
68125	-17.269210458560057
68174	-17.270250318238038
68248	-17.271260461497782
68350	-17.272953771449206
68457	-17.276965863238466
68489	-17.27839175374534
68530	-17.279640908043337
68554	-17.280717729846415
68602	-17.282169482492808
68651	-17.28364871595704
68717	-17.28517194907002
68750	-17.286183324808583
68817	-17.28723643082977
68825	-17.28854613157215
68850	-17.290045272647124
68874	-17.29180602942301
68939	-17.29526882971798
68972	-17.296666602830793
68995	-17.298333500219698
69018	-17.29984719656148
69041	-17.301282634307167
69096	-17.302331008270574
69202	-17.303503805719874
69307	-17.304804173083195
69338	-17.305975192979435
69354	-17.307077630199707
69386	-17.308403116940504
69433	-17.30962123380466
69503	-17.310646562504743
69517	-17.3116569429271
69551	-17.31545808279816
69607	-17.317923972778853
69654	-17.31995440670702
69726	-17.32149400671199
69750	-17.322637675667302
69852	-17.32515847059461
69876	-17.326230096876476
69899	-17.32750859862802
69914	-17.328963979033155
69922	-17.33023176127685
69946	-17.331374628296963
70013	-17.33509058179173
70062	-17.336307809781054
70094	-17.337496598276413
70133	-17.338514163922042
70329	-17.33952781369572
70401	-17.344451492681916
70557	-17.345487598320425
70574	-17.34922317105083
70624	-17.350537738986173
70723	-17.351586912540313
70780	-17.354255489335596
70853	-17.355514640667852
70977	-17.357145346112603
71000	-17.35865439927921
71015	-17.360004965279895
71075	-17.361393942184723
71151	-17.362495071529082
71209	-17.363497211169918
71224	-17.373009399905033
71296	-17.37417285559752
71352	-17.37522055895274
71415	-17.37737191229171
71465	-17.381443541159122
71515	-17.38284414984577
71538	-17.384257360655393
71570	-17.385260075775165
71594	-17.386323064725357
71609	-17.387784868485074
71694	-17.388795920220073
71710	-17.390768646755788
71741	-17.39227372766603
71910	-17.39437749258288
71932	-17.40479954695249
72049	-17.405891826966602
72057	-17.413255312446907
72133	-17.415312980219056
72198	-17.4167259239681
72205	-17.41803694959702
72296	-17.419051996164207
72382	-17.424858637525915
72483	-17.426223792820235
72547	-17.427286653655486
72579	-17.428297657261403
72604	-17.429360458104156
72629	-17.43082316406284
72679	-17.432061618596194
72746	-17.43338200600641
72779	-17.434396459751422
72820	-17.435661012602964
72892	-17.436731790561755
72900	-17.437956061264373
73050	-17.441328101057476
73100	-17.442714850625144
73151	-17.444079623335792
73174	-17.44589323889317
73217	-17.446896966426806
73249	-17.448380919413065
73316	-17.449429001513234
73375	-17.450442245373026
73423	-17.456938694788345
73546	-17.45849536500252
73596	-17.459562195469232
73667	-17.46136037464378
73733	-17.462683540750017
73815	-17.46411760400151
73856	-17.465183067999597
73908	-17.4663110834094
74015	-17.468134242753653
74110	-17.46922633987884
74118	-17.47064691464843
74274	-17.471846648794518
74291	-17.472869158149454
74323	-17.474380837483203
74388	-17.47580138651492
74422	-17.477106070507993
74463	-17.478394788064204
74520	-17.47968556772262
74617	-17.48071460110456
74774	-17.484662510294754
74949	-17.485830207874788
75022	-17.487154752466587
75081	-17.4881625729059
75156	-17.48930869933566
75207	-17.49079344907737
75280	-17.49209630539463
75329	-17.493465263245902
75372	-17.494471441015726
75427	-17.495805867439568
75486	-17.49697577582311
75493	-17.4982110910256
75550	-17.50096106459183
75604	-17.502839827739265
75668	-17.503845251894106
75724	-17.504847335954302
75842	-17.506362577585953
75868	-17.507642283482397
75892	-17.509067391449985
75991	-17.511945287128075
76040	-17.512966721542305
76089	-17.520400048492178
76183	-17.521569254691368
76318	-17.522744513391554
76394	-17.52376688894312
76445	-17.52485878863933
76471	-17.526580152638513
76494	-17.532861307043326
76542	-17.534038100418105
76591	-17.53592031144879
76639	-17.537151381332556
76715	-17.53835118658469
76871	-17.54002582746502
76939	-17.541152255020712
76947	-17.54256263849023
76971	-17.544662043852263
77020	-17.546168892908106
77110	-17.54720455506447
77118	-17.548711521967345
77166	-17.55031411158847
77210	-17.55354340672143
77269	-17.5552477307136
77347	-17.55708164579905
77421	-17.558216340024543
77448	-17.559533952554716
77604	-17.560640245193166
77701	-17.562139121759188
77726	-17.56355016259721
77783	-17.564679986886016
77807	-17.565752756173836
77831	-17.57449104131391
77881	-17.577004117609384
78035	-17.578198067923626
78066	-17.579468035691736
78109	-17.58109461055372
78150	-17.58262723445249
78207	-17.583991170852567
78281	-17.585305685315685
78323	-17.58784842378776
78436	-17.58985642329774
78608	-17.59090041753001
78711	-17.591919795817066
78743	-17.5933465371301
78829	-17.59473026502562
78894	-17.595755763514266
78974	-17.59679962186839
79070	-17.597844350789014
79102	-17.598855153612817
79177	-17.60014326376084
79200	-17.607766096596478
79251	-17.608821145867342
79276	-17.61010709204808
79356	-17.61113489504309
79380	-17.61231814702523
79447	-17.61345036985587
79480	-17.614824520879
79505	-17.616016147474923
79684	-17.617038164175728
79833	-17.618709450477024
79885	-17.620643966466115
79932	-17.621656755905637
80008	-17.622743289321555
80105	-17.624507218253083
80131	-17.625908911271424
80211	-17.62692227339599
80235	-17.627926837558107
80276	-17.629233341234265
80354	-17.630351986120207
80369	-17.631397704208407
80427	-17.632443010476766
80493	-17.633617644013427
80500	-17.634952805344042
80559	-17.635994786313294
80676	-17.637159249219373
80831	-17.639055395072173
80899	-17.64045347532614
80956	-17.642003053706762
81023	-17.644549404770675
81079	-17.64556448596844
81182	-17.647127611392772
81312	-17.64872165684431
81385	-17.649861027126068
81409	-17.651272079510388
81536	-17.652316089524216
81562	-17.653414390860842
81593	-17.65445990460939
81616	-17.655534618166527
81788	-17.657496299479064
81888	-17.65863814225556
81996	-17.659672626697883
82031	-17.660944466859558
82073	-17.662272571281765
82121	-17.663683986058388
82228	-17.664744358005372
82320	-17.665953516783347
82398	-17.667326838420177
82479	-17.66898155061834
82528	-17.671630843714482
82618	-17.67264867613386
82675	-17.675391869397963
82768	-17.676797742427404
82878	-17.678035885740382
82960	-17.67908884322171
83001	-17.681005132762593
83051	-17.682556964429175
83149	-17.684666061885082
83180	-17.685918519340646
83205	-17.686945345934916
83325	-17.688156708677845
83356	-17.689974751544852
83429	-17.69112546050317
83561	-17.692132955548786
83635	-17.696876422478155
83795	-17.697922398686632
83881	-17.69892242593367
84159	-17.700253503499532
84340	-17.701279395590543
84407	-17.703015848384016
84457	-17.704089192555795
84514	-17.708632066432454
84588	-17.709913759284028
84628	-17.71113298385884
84685	-17.712185310472044
84759	-17.713304779190736
84856	-17.714789205197906
84882	-17.715965244353967
84921	-17.71726331139174
84980	-17.7185833805383
85103	-17.720083047673153
85257	-17.721726264504614
85338	-17.72286792053871
85388	-17.7255885921255
85411	-17.731227059259957
85485	-17.732458881892683
85552	-17.73404546109699
85568	-17.735114389247226
85738	-17.736388127803536
85846	-17.737798885073254
85896	-17.73906947466676
86002	-17.74014299718445
86106	-17.74137596281545
86123	-17.74293229817143
86204	-17.74408809413754
86336	-17.745940934928733
86444	-17.747496806757642
86540	-17.7485438597479
86675	-17.7496238187855
86751	-17.754396204330824
86935	-17.755607159786415
87015	-17.75718598263143
87086	-17.758218197523682
87148	-17.759230077451022
87247	-17.760365841431373
87262	-17.76441760215125
87296	-17.765436623225458
87322	-17.769235963335984
87501	-17.770325719551327
87606	-17.77206269622108
87661	-17.773186301164806
87684	-17.776970547804456
87829	-17.77807708181778
87889	-17.77938916717019
87940	-17.780431634923257
87967	-17.781557623024003
88021	-17.782596703833924
88048	-17.784180401647063
88158	-17.786864592615718
88233	-17.788036404197527
88311	-17.789173747999005
88381	-17.79018433795104
88473	-17.791211288487844
88592	-17.79233138079661
88697	-17.793564996762704
88746	-17.794621985309508
88821	-17.79565374126226
88904	-17.79705716334159
88946	-17.798165772301115
89028	-17.805802436635098
89035	-17.811002401407272
89076	-17.814507524200028
89144	-17.81555224679978
89237	-17.816588950527823
89305	-17.817757209037953
89361	-17.818999609795487
89453	-17.820032055041626
89475	-17.82123130244925
89516	-17.822270025865016
89597	-17.82359594675908
89660	-17.824906752175092
89720	-17.826252583862903
89850	-17.82756116988933
89900	-17.828776762760153
89970	-17.829927104776935
89978	-17.831670154380554
90075	-17.83306148681554
90127	-17.834579522585194
90255	-17.835808548909498
90449	-17.836808622892654
90464	-17.838175989503426
90557	-17.839486004964105
90607	-17.840503111092694
90744	-17.84166757546528
90879	-17.842847342665927
90957	-17.844310256426528
91009	-17.845558843961758
91059	-17.846706484210145
91267	-17.848386587163535
91344	-17.84945073587306
91491	-17.850526339474467
91550	-17.852056490264765
91648	-17.85307970846857
91689	-17.85434941278163
91721	-17.855961044919017
91774	-17.857560862226585
91928	-17.858579431550236
92005	-17.86071468247398
92053	-17.862265200998326
92105	-17.86432538941833
92252	-17.86557293244492
92309	-17.8670439667133
92465	-17.868054921857325
92516	-17.86978132121757
92637	-17.871072626037236
92745	-17.872843729440067
92831	-17.874018817416125
92916	-17.875122482145517
92951	-17.876540871385142
93079	-17.878002850514942
93211	-17.879509572410974
93287	-17.880664099375508
93311	-17.881701944004448
93387	-17.88399879096911
93462	-17.88567599328998
93496	-17.886695776741778
93511	-17.890265392929386
93558	-17.894365102268935
93789	-17.8960775685171
93839	-17.897359055389988
93889	-17.89897678053794
93955	-17.90072504416309
94011	-17.903366070531845
94111	-17.9046296374454
94218	-17.906018030002784
94363	-17.907105373023448
94419	-17.912931226594058
94513	-17.91400225709468
94554	-17.915056048223875
94639	-17.91606342159533
94829	-17.91720192605753
94978	-17.918415729435136
95065	-17.919846737782425
95193	-17.921664588735737
95343	-17.922665576695675
95452	-17.923666522771235
95502	-17.924845327698247
95543	-17.9262186237122
95637	-17.927461192848366
95705	-17.92878600938165
95789	-17.93037026805315
95835	-17.93206807257905
95939	-17.933235853569673
96084	-17.93441520559053
96167	-17.935627458927932
96222	-17.93699768238101
96256	-17.93840901345419
96314	-17.941731518312462
96354	-17.942963404124225
96428	-17.94396498253579
96541	-17.947451906311546
96618	-17.948661178072857
96670	-17.950151998596922
96765	-17.95136508941998
96950	-17.953275471845924
97010	-17.95430230414548
97129	-17.95635968757352
97256	-17.957597336832087
97334	-17.958645180825666
97484	-17.95976405909955
97516	-17.964242361787843
97620	-17.965728335717287
97745	-17.966856710552587
97849	-17.970098841184715
97864	-17.971548774743194
97880	-17.972820341395188
97946	-17.973883225591123
97968	-17.975475542344864
97991	-17.99581455290142
98012	-18.00198200591001
98035	-18.02098506832856
98124	-18.022050392424966
98206	-18.023223536741646
98255	-18.03037103627175
98321	-18.031518475089644
98377	-18.033122047433412
98474	-18.0348892924588
98600	-18.036371459117998
98748	-18.038351032207505
98806	-18.03958344855589
98830	-18.04063440918921
98906	-18.042568690779273
98984	-18.044100271309908
99043	-18.045452101463752
99085	-18.04711492919672
99213	-18.04812549769343
99318	-18.0503098702622
99394	-18.051492546856196
99420	-18.05250227034668
99519	-18.05370969775873
99643	-18.05515653181665
99738	-18.056232018853688
99876	-18.057663486405346
99981	-18.059836608741783
100031	-18.060983665861823
100106	-18.062524223178908
100231	-18.06360098138272
100278	-18.068114280205783
100327	-18.06993294586257
100375	-18.070958999329605
100438	-18.071969016562527
100520	-18.073114010576088
100551	-18.074294944746867
100593	-18.075484095599585
100617	-18.076498356183112
100668	-18.07768707090916
100741	-18.078889214922807
100817	-18.079963786045294
100892	-18.0823937928139
101021	-18.083708050446784
101099	-18.08502617676914
101167	-18.086520804609908
101183	-18.087728376023076
101207	-18.089050484636136
101247	-18.090103993898122
101377	-18.091137719454416
101428	-18.092152011511338
101552	-18.0935126192988
101576	-18.09469335886996
101627	-18.096259735519432
101697	-18.097369039329838
101747	-18.09837329126268
101754	-18.099960641600504
101830	-18.101114043004557
101857	-18.102190795407893
101938	-18.10469526687769
101964	-18.105843358225396
102074	-18.106910533932737
102141	-18.10882846803448
102218	-18.112121461529686
102291	-18.11523045679999
102341	-18.116807397059375
102390	-18.129957866645608
102413	-18.14211416691546
102435	-18.145408038540538
102458	-18.149549818427765
102583	-18.15067816175536
102657	-18.152060240170325
102691	-18.15306069428032
102706	-18.155742740477773
102756	-18.157378255482776
102780	-18.160623904693917
102806	-18.16163162755
102830	-18.164394979553805
102878	-18.165399004752878
102972	-18.16643988164704
103084	-18.167821331285786
103190	-18.168832448886327
103288	-18.16988095682991
103389	-18.17151990484684
103404	-18.172660226980685
103435	-18.174870057746354
103512	-18.175918318250478
103584	-18.17756532807013
103638	-18.178731653079552
103731	-18.180119244442647
103739	-18.181285804269272
103833	-18.182457270252367
103867	-18.183471814745165
103929	-18.184544426182477
103943	-18.185672197744413
103991	-18.18780477994652
104067	-18.189290270099523
104145	-18.191232201152147
104219	-18.19267300022096
104245	-18.194337344984113
104320	-18.195816019323136
104421	-18.198433996109408
104445	-18.199787943189158
104488	-18.200937954202953
104504	-18.202267724783574
104544	-18.20748679987074
104610	-18.208488731329524
104634	-18.209899314144785
104642	-18.211379502929976
104665	-18.21259928096496
104689	-18.21430099169357
104739	-18.215340579881087
104793	-18.216839563768975
104872	-18.21852198367932
104947	-18.221613087659716
104995	-18.228392685496825
105046	-18.229909387908258
105079	-18.231361512382424
105113	-18.233137449245124
105129	-18.23449978413697
105171	-18.236737641117607
105213	-18.23780084072632
105288	-18.239251980281402
105390	-18.240383608504676
105397	-18.241425982133194
105478	-18.243086476823613
105503	-18.244867266547917
105529	-18.247515701487078
105613	-18.249307890456254
105680	-18.25041748794207
105705	-18.251976069173736
105788	-18.253534601863223
105884	-18.254587786182892
106017	-18.255693422885575
106042	-18.256755863425365
106074	-18.258250281246113
106089	-18.259694623923636
106141	-18.260882781134754
106165	-18.262123810043498
106189	-18.26318170187325
106239	-18.264382074378087
106289	-18.265394389254567
106340	-18.26643333806176
106364	-18.276511669462806
106417	-18.278475890457724
106533	-18.279658385650972
106583	-18.280685740476216
106640	-18.28232958108265
106684	-18.283714082806434
106759	-18.284731982428873
106793	-18.292721783735736
106816	-18.305927686386255
106823	-18.324582460618
106842	-18.34733109907895
106855	-18.409276100130004
106862	-18.41073783639043
106875	-18.41186284811328
106882	-18.418673512241305
106890	-18.419675458918796
106905	-18.422567999713646
106920	-18.43229756697142
106927	-18.435167903493685
106938	-18.43933500684042
106978	-18.441387362904525
106992	-18.45274178664539
107021	-18.45559721408718
107116	-18.461745683101817
107160	-18.46290809046317
107225	-18.468029633609245
107232	-18.473289105854796
107286	-18.474416287146347
107294	-18.475676025938633
107318	-18.47697121248134
107325	-18.478941303007474
107341	-18.48356961294618
107413	-18.484892754861825
107421	-18.48598594976709
107577	-18.487144691613103
107584	-18.4888207383023
107616	-18.490484291448727
107624	-18.49169396165841
107639	-18.493269564753685
107695	-18.499444566505282
107746	-18.50089667571904
107844	-18.501999699543948
107900	-18.503232537130305
108014	-18.504426289043195
108022	-18.505427711165055
108044	-18.509224645438362
108067	-18.51096438883336
108114	-18.51298617409207
108162	-18.514792643825356
108209	-18.519108913308276
108247	-18.52020235013172
108255	-18.521570347397496
108312	-18.522600004734084
108355	-18.52732862918817
108402	-18.528566496289763
108451	-18.532816624456125
108495	-18.53392969251552
108594	-18.53575032129434
108609	-18.536781801646747
108626	-18.537892746913734
108651	-18.541978880650404
108702	-18.543174517282093
108752	-18.544990493706674
108829	-18.546305189679096
108905	-18.547336656198695
108930	-18.548482595909032
108953	-18.55012489028125
108975	-18.55138203557752
109016	-18.552464418772487
109039	-18.553589883283067
109096	-18.556565064492407
109120	-18.55852861118999
109194	-18.559902022090746
109335	-18.561254557371335
109374	-18.562490214835833
109382	-18.564509434615783
109405	-18.565728155164283
109462	-18.567312851323425
109485	-18.569575284350286
109535	-18.571147719038883
109610	-18.573746050894155
109686	-18.575245897336302
109709	-18.576395078459562
109758	-18.577541201748662
109783	-18.5837752768423
109862	-18.586688705692072
109885	-18.588161831650822
109934	-18.58923476498847
109985	-18.590374244912184
110093	-18.591457360783316
110192	-18.592480128172856
110267	-18.595692237852962
110343	-18.59678152405261
110445	-18.597835945783796
110493	-18.598936953058693
110572	-18.599984218956624
110604	-18.602638666068117
110727	-18.604553492231418
110783	-18.605656710470797
110918	-18.607044099512656
111002	-18.60806406722009
111034	-18.609144411136135
111111	-18.610414828987093
111136	-18.611850240605715
111185	-18.613640617587418
111234	-18.614963968892337
111307	-18.61614797932509
111332	-18.620864839161257
111375	-18.622663518672326
111430	-18.623695866829813
111506	-18.625495752209893
111564	-18.626532874969048
111633	-18.627594734441956
111728	-18.628657280604628
111785	-18.630351137044862
111834	-18.631648625214286
111952	-18.632745867435208
111961	-18.634400809326728
111983	-18.638861485929333
112084	-18.639927489153475
112108	-18.641285766932665
112132	-18.642553368579247
112198	-18.643646113071235
112230	-18.644741665478485
112279	-18.646410971310026
112403	-18.647421307007704
112480	-18.64845906309685
112515	-18.64962762303208
112542	-18.650900788393013
112567	-18.652060587869776
112619	-18.65379597203585
112643	-18.65493353723507
112746	-18.656694022615746
112774	-18.65794950057057
112865	-18.6589567796249
112924	-18.66004028605937
112973	-18.661099126866638
113045	-18.663355743113396
113147	-18.6644187967773
113173	-18.665551592804704
113217	-18.66655745744964
113249	-18.66799709241757
113276	-18.66909078991433
113325	-18.670801942272096
113348	-18.674821195650054
113398	-18.676189898360334
113421	-18.682328309815166
113468	-18.685020679740482
113630	-18.687233131271768
113724	-18.688234509943534
113786	-18.689348434635114
113802	-18.693165691850275
113825	-18.694568587999992
113858	-18.69619730997389
113933	-18.697246485378294
113934	-18.698943023418032
114068	-18.700213762772616
114249	-18.702426190268273
114324	-18.703977991830108
114373	-18.704993711304443
114396	-18.706133537352816
114437	-18.707443458896535
114547	-18.708885524975006
114572	-18.709993273285427
114701	-18.711029325331936
114743	-18.712036422392032
114751	-18.713335908843952
114825	-18.71458264815758
114879	-18.715647730492144
114944	-18.716986961705157
114992	-18.718767311398775
115026	-18.72043938766299
115126	-18.72153787573974
115231	-18.723295598178584
115280	-18.72444110723396
115304	-18.725448729865942
115372	-18.72659398732735
115411	-18.727860932909422
115468	-18.72941266730388
115580	-18.735515688873548
115641	-18.736520016232966
115657	-18.739289194091864
115705	-18.740790107051215
115807	-18.743068257493224
115895	-18.744184255658684
116104	-18.74536927110153
116137	-18.74655916031374
116162	-18.760752818375583
116210	-18.761964153094514
116338	-18.762994005946446
116398	-18.76427172657892
116414	-18.765517353648875
116517	-18.76657922774354
116559	-18.767589882784232
116591	-18.768783511901614
116656	-18.770646515588396
116794	-18.772674579374133
116967	-18.774052231120663
116999	-18.775060676357423
117103	-18.77622494481368
117182	-18.777344878322435
117364	-18.778467212241317
117441	-18.779613416119126
117490	-18.781639781873853
117593	-18.782885451172724
117696	-18.784155765248713
117746	-18.78527929012908
117820	-18.786651256553117
117863	-18.787717311762208
117945	-18.7896598081201
118096	-18.79098064612481
118122	-18.795929044580163
118168	-18.79706102630889
118192	-18.798256023759375
118320	-18.799281650689448
118411	-18.800433592022376
118519	-18.80170096303708
118542	-18.802774960634967
118619	-18.804555553680316
118695	-18.806484992332322
118772	-18.80794798853044
118882	-18.808960719415033
118976	-18.81032160747774
119128	-18.812110604911968
119178	-18.81367062917356
119242	-18.8146826576034
119411	-18.815705046457165
119512	-18.81778838268661
119588	-18.818825907029314
119663	-18.82054076438595
119787	-18.82155228518341
119972	-18.822587704267924
120056	-18.82387288953338
120132	-18.82520788278733
120307	-18.826292477166128
120405	-18.827961144611624
120578	-18.829132213439966
120688	-18.830280774118723
120855	-18.831407919308777
121022	-18.832635939333173
121072	-18.833789055608445
121156	-18.834908103785544
121355	-18.836222220731216
121556	-18.837280536273163
121657	-18.838365740988735
121734	-18.83937586632915
121889	-18.84044324502863
121962	-18.841541926661563
122041	-18.842744517958614
122120	-18.844141509147978
122169	-18.845441227156556
122342	-18.846801996819824
122488	-18.848327804675776
122535	-18.84984094067156
122589	-18.850859280969342
122736	-18.85217759032915
122871	-18.8532436972951
122997	-18.854624786419876
123098	-18.8564108739577
123174	-18.85792983508059
123292	-18.85910518525131
123332	-18.860402716152564
123423	-18.86266026053738
123503	-18.864845219989945
123579	-18.865977605404115
123662	-18.866985096625548
123745	-18.86813241008163
123777	-18.869173893406458
123869	-18.870174895622643
123943	-18.87120549428517
124005	-18.87259914334167
124055	-18.87368958673707
124129	-18.87514022500146
124347	-18.876161235390796
124414	-18.87732536161448
124465	-18.879083323870642
124595	-18.880512409909166
124685	-18.881671137536745
124718	-18.882683256801624
124931	-18.883708666707864
125017	-18.884888330821738
125110	-18.8869820900247
125184	-18.888123168050317
125418	-18.889166565259735
125594	-18.890278236898435
125665	-18.892128957820354
125896	-18.893293188469023
126031	-18.89462261191859
126157	-18.895979664811982
126282	-18.897252378231975
126383	-18.898688712816362
126505	-18.899887922718086
126579	-18.901134106329028
126638	-18.90226422470245
126689	-18.903304861252703
126758	-18.904549911345185
126765	-18.905691059055002
126872	-18.90675169378618
126958	-18.90851044643798
127034	-18.909649294868924
127164	-18.91084914081435
127238	-18.91231161250006
127421	-18.91335765989787
127647	-18.915508527510113
127782	-18.916582423329952
127884	-18.91782379293673
127910	-18.918824840630258
128150	-18.91982906491004
128246	-18.9209909424401
128369	-18.922631343473373
128444	-18.923734580795188
128633	-18.925360403565886
128809	-18.92637176926753
128921	-18.92752811723621
129047	-18.930445149459505
129247	-18.931453908381005
129363	-18.932775253008426
129481	-18.933866187594745
129617	-18.934893066347293
129698	-18.9360177829891
129962	-18.937072244880625
130080	-18.938170286925367
130139	-18.93918113594585
130390	-18.940187323462645
130467	-18.94119011097433
130638	-18.942200077330753
130874	-18.94325055886995
131027	-18.94498536478675
131160	-18.94607552522604
131239	-18.947161338034576
131313	-18.949765773882483
131363	-18.951392794972183
131370	-18.952886672399316
131487	-18.95435890443215
131613	-18.955391751165752
131706	-18.956393143522536
131791	-18.95750271014786
131864	-18.958932706252455
132016	-18.96035453246105
132172	-18.96259053049488
132349	-18.963688190632084
132441	-18.96473214928258
132659	-18.966373768719784
132736	-18.96845935391294
132854	-18.969605865659588
132945	-18.97100275137045
133066	-18.97222933083173
133355	-18.973230008727587
133429	-18.974258276316966
133563	-18.97980192524157
133767	-18.981980578608592
133952	-18.98320651130591
134073	-18.984630052575643
134106	-18.985793152693205
134211	-18.987193174420792
134339	-18.988416236898765
134434	-18.989675486042287
134495	-18.990839750422257
134598	-18.992027656287853
134751	-18.99368141291365
134924	-18.99475934665933
135002	-18.995858202862127
135128	-18.996880881241516
135238	-18.998792073305193
135348	-18.9998849019736
135418	-19.001027589140055
135647	-19.002248902650116
135743	-19.003314671422444
135825	-19.005946675249877
135849	-19.00703569087506
135898	-19.00838783489278
135970	-19.010403488880684
136061	-19.01145430667381
136126	-19.012680636178075
136166	-19.01426744181541
136215	-19.01544407220129
136263	-19.016606611440555
136347	-19.017625911393214
136440	-19.018852006390944
136518	-19.020652171573193
136598	-19.02177162574604
136678	-19.02278383949101
136756	-19.023819228884783
136834	-19.024971122734804
137087	-19.025977827275817
137171	-19.02714259059467
137359	-19.028196822903606
137513	-19.029344787192723
137745	-19.03080203427004
137901	-19.032013254596905
138028	-19.0333091416717
138080	-19.03434140076968
138154	-19.035710083769253
138284	-19.03689136254559
138443	-19.0382436569422
138599	-19.039549564417218
138875	-19.04078494689852
138883	-19.04186569813265
139061	-19.042951260573908
139118	-19.044927541527237
139324	-19.045936003679568
139453	-19.046937746912597
139478	-19.048498737283104
139556	-19.049768894517005
139734	-19.051126783114956
139996	-19.052146389344482
140155	-19.05360203654547
140252	-19.054971954685627
140343	-19.05602445728491
140415	-19.05709515021786
140448	-19.058124857666954
140533	-19.059395340766482
140651	-19.060664241178376
140701	-19.061672171626977
140816	-19.062798534982424
140909	-19.063817628417517
141136	-19.064832563929034
141222	-19.066359402109146
141376	-19.06748988298307
141479	-19.068761123412216
141700	-19.069764194889604
141868	-19.07099942500696
141991	-19.072067482578536
142176	-19.073125058826626
142332	-19.07414770757734
142444	-19.075794558328553
142565	-19.07688370427537
142627	-19.079747745516137
142748	-19.080854409907435
143000	-19.082015849503538
143129	-19.08301768078421
143151	-19.0846722165933
143201	-19.086506748943474
143384	-19.08794873256472
143460	-19.08908148699591
143566	-19.09069495170718
143670	-19.091874950527746
143851	-19.093046675413508
144007	-19.09427371564704
144059	-19.095556081365693
144108	-19.09704865722541
144259	-19.098059807541773
144316	-19.099330411454353
144503	-19.101027451581388
144701	-19.102037023190615
144775	-19.10304661972894
144822	-19.104406780662547
144903	-19.106028027332727
144953	-19.108372349482732
145079	-19.109581005458793
145181	-19.110870284100375
145350	-19.112233558021334
145437	-19.11330059846947
145614	-19.11441371595068
145744	-19.115455425912067
145853	-19.11661078484524
145930	-19.11762838913503
146029	-19.118649342617193
146188	-19.119741832691727
146323	-19.12075915583995
146498	-19.121823525783523
146624	-19.12288370802633
146750	-19.123910273327656
146843	-19.125128271792295
146884	-19.126267398747395
146984	-19.127443700004086
147137	-19.12850853741337
147361	-19.129522718321454
147553	-19.13055636398276
147620	-19.131761069531112
147709	-19.133025840106946
147963	-19.134031160877118
147971	-19.135521798053084
148183	-19.136574200501887
148233	-19.137642922002986
148366	-19.138719620018126
148520	-19.139766419894027
148652	-19.140853423831466
148790	-19.14226028168945
148969	-19.14385628728235
149145	-19.14490860521126
149230	-19.145965176844957
149254	-19.14777473754726
149330	-19.14950406759413
149432	-19.150520658622074
149455	-19.15238008221265
149501	-19.155699262461454
149598	-19.156939685663183
149672	-19.158189499019695
149764	-19.159262781193405
149891	-19.160861317205462
150058	-19.16208634153563
150291	-19.163245668679284
150317	-19.16526098485837
150461	-19.16639332150774
150647	-19.16740585432921
150832	-19.168483321059774
151005	-19.169483733762828
151137	-19.17135461248643
151217	-19.172624475970167
151383	-19.174036989828515
151424	-19.175169905855082
151466	-19.17637590979035
151567	-19.177438867505362
151705	-19.178522950727103
151778	-19.179542652326802
151880	-19.180744643340955
152003	-19.181841655949533
152063	-19.182849657755735
152167	-19.184297789266395
152217	-19.186095862895897
152317	-19.18753759439214
152444	-19.188679468391946
152631	-19.189947515049255
152872	-19.190947548263082
152913	-19.192600178250267
152971	-19.193714865167973
153014	-19.194936804250247
153203	-19.196143898156308
153279	-19.197153403168848
153410	-19.198516030689103
153484	-19.201470476260184
153559	-19.20251026782158
153792	-19.203541086897843
153833	-19.205036304744457
153864	-19.206305222139953
153955	-19.207357194142894
153970	-19.209151835758995
153984	-19.21425159128604
154007	-19.223857776088437
154056	-19.22588045528389
154158	-19.227232742884723
154237	-19.231732154927464
154293	-19.233066170872295
154308	-19.23587704896965
154403	-19.236983260199366
154435	-19.238097396188046
154569	-19.239232965049094
154585	-19.240819272721367
154652	-19.241972513071786
154752	-19.24319401315913
154915	-19.244641690166393
154964	-19.245797868051195
155040	-19.247511538639312
155245	-19.24876435751367
155401	-19.249779178311062
155503	-19.250873431589095
155553	-19.25214742667438
155755	-19.25334427994993
155835	-19.254443370733963
155963	-19.25551765605685
156103	-19.256852419318935
156208	-19.25835319442011
156282	-19.262063377759954
156356	-19.26356499370687
156459	-19.264699739736855
156536	-19.2657749694839
156626	-19.267241629474093
156780	-19.268257757683905
156918	-19.27029473832064
156992	-19.271570104357735
157124	-19.272577049290817
157220	-19.27405510381998
157253	-19.27681283108393
157419	-19.27783448686136
157460	-19.278882997589626
157503	-19.280313229606705
157579	-19.28146537825668
157605	-19.282948300629187
157632	-19.283981543599058
157819	-19.285049511539277
157867	-19.287260769719293
157893	-19.288551593655093
158029	-19.290219166135408
158181	-19.291762255777265
158258	-19.29334769487195
158313	-19.294407171357832
158347	-19.29568031926216
158380	-19.29673498251282
158430	-19.299990153852065
158453	-19.30109108815129
158501	-19.302617135142018
158549	-19.30452268911749
158640	-19.305666981950598
158700	-19.307097291900924
158750	-19.308601866737924
158798	-19.310714796873956
158873	-19.315458811522454
158896	-19.317103094297646
158945	-19.318896857014174
159015	-19.31990544497511
159100	-19.321095007389097
159153	-19.322172818258192
159309	-19.323223351884433
159417	-19.32439111749976
159466	-19.326129016551953
159491	-19.328331818986378
159607	-19.329438689625842
159640	-19.330817689783373
159689	-19.33222115411639
159741	-19.33364826937945
159899	-19.33511443888838
159984	-19.336487311018963
159991	-19.33799540780746
159998	-19.339552920301344
160022	-19.341194784222683
160046	-19.342233454109177
160128	-19.34338496455588
160203	-19.345354259810314
160246	-19.346357970036163
160434	-19.347846852764423
160492	-19.349320367745634
160562	-19.35074728011768
160619	-19.352075018461544
160659	-19.35317222679879
160716	-19.35459830076254
160766	-19.35583923729871
160842	-19.357131341100605
160944	-19.358667689217143
161019	-19.361229503059803
161069	-19.362653999807222
161174	-19.363855591564423
161191	-19.364889747016157
161250	-19.366824037685937
161352	-19.367878309121828
161378	-19.369796569646613
161484	-19.370947281715548
161565	-19.37290791453024
161613	-19.37456173602597
161720	-19.376287437990555
161814	-19.377335485757335
161962	-19.378530815062334
162046	-19.379564675046968
162129	-19.380772543995114
162144	-19.38224299032324
162161	-19.38361323825926
162220	-19.384873198433212
162270	-19.38627310587705
162346	-19.38769748701893
162451	-19.391144453071732
162530	-19.392273547331097
162627	-19.39341991971142
162693	-19.394493119176193
162770	-19.39604434672788
162803	-19.397665535622757
162879	-19.402099771326224
162888	-19.48245675931263
165311	-19.48364725873032
165407	-19.484650944727797
165509	-19.48589121578202
165558	-19.487245977331256
165689	-19.488454761829114
165762	-19.490065943637262
165890	-19.491330526155277
165983	-19.49245768191143
165990	-19.49367697007463
166069	-19.49635186021463
166122	-19.49746301736312
166389	-19.49854418526724
166553	-19.49957422377624
166696	-19.500951035292733
166781	-19.502049691651823
166910	-19.50312283759392
166953	-19.504202319822944
167131	-19.505265771943034
167155	-19.506311651713872
167261	-19.50746292401453
167525	-19.508481756276375
167588	-19.510098538483764
167635	-19.511131203043142
167651	-19.51229907832444
167691	-19.513350920452357
167742	-19.5144353401471
167794	-19.515532500343262
167881	-19.51698340851818
168007	-19.518621819870777
168151	-19.51964496211759
168192	-19.520782862869808
168232	-19.52191861114809
168333	-19.522970117032404
168383	-19.52404974747651
168451	-19.525229211237725
168486	-19.526304846583255
168536	-19.52815680903459
168739	-19.529197818393712
168747	-19.530256441538203
168798	-19.531282366032308
168823	-19.53288452276591
168899	-19.533994906717698
169006	-19.535423986659076
169190	-19.536504388439898
169265	-19.537566490184066
169339	-19.539627995032472
169472	-19.541555946596475
169549	-19.54282537562142
169623	-19.54394764290699
169647	-19.545300345243525
169727	-19.547303846442748
169855	-19.54916265266247
169959	-19.550198881171724
170010	-19.551227628515353
170080	-19.552907142702853
170140	-19.554236776568963
170319	-19.555240404077857
170476	-19.556241261071772
170526	-19.558083570070206
170653	-19.559157967812894
170727	-19.560287527435634
170855	-19.56170188497751
171090	-19.562712766025975
171184	-19.56375130753795
171284	-19.566920939541575
171393	-19.568099131046793
171520	-19.56921764322945
171637	-19.570249672667792
171661	-19.571380585140815
171685	-19.5725606423002
171786	-19.573659692538786
171868	-19.57774820443364
171947	-19.581276680128756
172004	-19.5823846467833
172060	-19.583469563314928
172093	-19.585197920831355
172214	-19.586447230652947
172338	-19.587513975564825
172488	-19.58869223351095
172657	-19.58997964083935
172820	-19.591030040642167
172884	-19.59262030580025
172950	-19.593664278151405
173050	-19.594666131190507
173187	-19.595677803758665
173220	-19.596852123478275
173276	-19.597860094143176
173423	-19.598997421274124
173529	-19.60055592837178
173682	-19.601675733569312
173807	-19.60272317236782
173882	-19.603733459425502
174011	-19.60476776957214
174053	-19.605769480526828
174226	-19.6068826343152
174339	-19.607958064552065
174391	-19.60949637813199
174544	-19.61056241134134
174836	-19.612428018616615
175071	-19.61347155690738
175197	-19.61450127940451
175426	-19.615933702423547
175551	-19.61708947446309
175753	-19.618102355728944
175994	-19.61933753337453
176213	-19.621292079285645
176398	-19.622363136144124
176719	-19.62373181763581
176848	-19.624917506783383
177098	-19.625921439436148
177236	-19.62698898780062
177407	-19.628295841455994
177490	-19.62938953547938
177692	-19.630513704387386
177735	-19.631567688037105
177986	-19.632844608818502
178117	-19.635019830748007
178273	-19.636162619293543
178401	-19.637285901724663
178543	-19.638288514317047
178671	-19.639315623766933
178793	-19.640599396112332
178886	-19.641628884362376
178946	-19.642742484758827
179101	-19.643783914357027
179230	-19.64478414871946
179646	-19.645844776582045
179762	-19.64685513408959
179907	-19.6479174066117
180159	-19.64929717266182
180234	-19.6504063038664
180481	-19.65154589215076
180827	-19.65259464679576
180919	-19.653622119699456
181030	-19.654681762922234
181158	-19.656149850395494
181289	-19.6580826998505
181468	-19.659271435339615
181598	-19.660344992879825
181954	-19.661407553361926
182038	-19.662824772251515
182262	-19.66385727077294
182500	-19.664927506386775
182658	-19.66695235231851
182841	-19.668120524213734
182983	-19.669198536167535
183071	-19.670245294042456
183147	-19.671466319488143
183251	-19.672763341302844
183403	-19.67419911044787
183570	-19.675351788838615
183736	-19.67659901334555
183993	-19.677915244501946
184126	-19.679146571259643
184282	-19.68067890247481
184621	-19.68172211829373
184886	-19.682760552876974
185150	-19.68380431277008
185419	-19.684942549191103
185731	-19.686010716274065
185861	-19.687424606478768
185964	-19.688468406011626
186168	-19.689497079054576
186573	-19.69096108775033
186848	-19.692059327785415
187105	-19.693248032539493
187262	-19.694632422511102
187546	-19.695743902798064
187706	-19.696780995425993
187840	-19.69796369498505
187940	-19.698985846383614
188043	-19.700185206116696
188145	-19.70120968772642
188406	-19.70324524915734
188643	-19.704268271342126
188817	-19.705272312053623
189031	-19.70631547103788
189291	-19.707328691202836
189404	-19.708489613265876
189670	-19.709555992172344
189969	-19.710624269475026
190136	-19.712480492674747
190558	-19.713499425638496
190659	-19.714704401585788
191005	-19.71626279922441
191235	-19.717450688337575
191473	-19.71845392685683
191694	-19.71950973688991
191831	-19.72083775129391
192071	-19.72184618029175
192221	-19.722864725532485
192295	-19.724068754363802
192450	-19.725623219127762
192600	-19.72671184026269
192731	-19.728472639753047
192778	-19.72959709118055
192855	-19.7307408612877
192905	-19.73180609759098
193032	-19.733054260323534
193133	-19.734301201473382
193289	-19.735713635929166
193450	-19.73693886176104
193738	-19.73796211686949
194031	-19.738976396178483
194374	-19.740016302604626
194486	-19.74101693212867
194546	-19.742142638527838
194792	-19.743185165559407
195018	-19.74419840418106
195103	-19.745360813624792
195261	-19.746368521286016
195528	-19.747410684373257
195707	-19.7484524801266
195768	-19.749476256895083
196057	-19.750820175883995
196203	-19.751886979690525
196394	-19.75355503780766
196499	-19.754599552398084
196773	-19.755794553182803
196964	-19.756927682076157
197195	-19.757945658824127
197245	-19.759014651582056
197329	-19.760068634100843
197749	-19.76179276144272
197906	-19.763019846969307
198299	-19.764106733533247
198574	-19.765264954413297
198885	-19.766356156130076
199050	-19.767358131015122
199207	-19.768379037569456
199338	-19.772306445196033
199477	-19.77345783418021
199757	-19.77450180302543
199850	-19.775629650458654
199857	-19.776840750230967
199908	-19.779036615837324
200172	-19.780175619799646
200484	-19.78131954957658
200719	-19.782379400138726
200798	-19.7835222050364
200944	-19.78459129469555
201029	-19.7861119582653
201181	-19.787135743335458
201361	-19.788152048252524
201468	-19.789210365171332
201622	-19.79050947117755
201669	-19.791549717958656
201746	-19.792565065809637
201845	-19.793612854445914
201940	-19.794680771801637
202028	-19.795765755710192
202102	-19.79677449498553
202230	-19.797866446488122
202380	-19.798907768001037
202490	-19.800306158110164
202614	-19.8013701360389
202702	-19.80251224814649
202975	-19.803575461043298
203197	-19.8046199543739
203345	-19.805655222773357
203474	-19.806669274188547
203579	-19.807777248467254
203637	-19.80882351356924
203873	-19.80983906901126
204088	-19.810934793471134
204296	-19.81208641936527
204425	-19.813695229485262
204767	-19.81487379741325
204944	-19.816389161069157
205028	-19.817424100268337
205370	-19.81864061989771
205465	-19.819685260227857
205573	-19.820828979904892
205747	-19.821867283141497
205883	-19.823209953843115
205966	-19.82442793679668
206060	-19.82573820819483
206200	-19.826761974631435
206241	-19.82856641271413
206369	-19.82972458827762
206540	-19.8307249733151
206787	-19.8317860486576
206920	-19.832888156396105
207074	-19.83491481765483
207451	-19.835971909475827
207753	-19.836991132754545
207907	-19.83901656986765
208054	-19.840139916398066
208156	-19.841254611975614
208224	-19.842523009838086
208375	-19.8435372146104
208665	-19.844576113770643
208744	-19.845756407575845
208852	-19.84688087609283
209001	-19.848017543351833
209062	-19.849791880351656
209290	-19.850832837552083
209596	-19.85183322742287
209766	-19.852928096633384
209844	-19.85395725966835
210100	-19.85505762419402
210299	-19.856325848780234
210521	-19.85751193183483
210659	-19.85858404977464
210793	-19.86090098858875
210808	-19.864140592816963
210832	-19.867845000438372
210883	-19.868894603508643
211009	-19.87056117025783
211135	-19.873241158262797
211236	-19.874382969969066
211370	-19.875413551695523
211419	-19.876671949495275
211528	-19.87774685797757
211669	-19.878814434824612
211794	-19.87982521957838
211845	-19.88104776074228
211903	-19.882662925059634
212024	-19.88391708914662
212243	-19.884961484394033
212370	-19.886269988325466
212553	-19.887632802520784
212660	-19.888854175253066
212764	-19.890001832711153
212973	-19.891085373784527
213050	-19.892672673578947
213179	-19.89388880505743
213310	-19.89521344596785
213384	-19.896383924907212
213408	-19.89746441509619
213477	-19.898469440821913
213637	-19.899477366022957
213846	-19.90087334888982
214022	-19.90208214553085
214103	-19.903766051317746
214262	-19.905160601815837
214338	-19.906349142974957
214363	-19.907650485402947
214492	-19.90873292940566
214624	-19.909773049043668
214700	-19.910969828854753
214724	-19.91215019671818
214853	-19.913677591156013
215007	-19.914738020922705
215111	-19.91581918198151
215184	-19.91745179557351
215254	-19.918457756355007
215345	-19.919457982785964
215430	-19.92047771479436
215567	-19.922070835188077
215644	-19.9236003025596
215735	-19.924859006184185
215819	-19.927640924077853
215889	-19.92891070504765
216028	-19.9300322528445
216236	-19.931531803531236
216337	-19.932648494257496
216515	-19.933790809447103
216648	-19.934913408713467
216779	-19.936167081595958
216879	-19.9376156450952
216947	-19.93896329777883
217082	-19.941018138783367
217227	-19.942177022383255
217367	-19.94442582850124
217393	-19.94556396986638
217492	-19.946642633462638
217691	-19.94771590414155
217752	-19.94891625284787
217909	-19.950691797354935
218045	-19.95172393914053
218168	-19.95291017607353
218352	-19.953997719109402
218516	-19.95516605220107
218625	-19.956174536303067
218758	-19.957343901481362
218915	-19.95887458507191
219036	-19.960264698509913
219060	-19.96164209044705
219186	-19.96320149234045
219313	-19.964297513635408
219371	-19.967565586747543
219446	-19.968681101073415
219542	-19.96974363045559
219653	-19.970835022260875
219729	-19.974483630299144
219807	-19.975976907467153
