0	23.047629256555386
12	7.3886207931418975
15	0.9701144139354551
17	0.9223946868601355
25	0.9182757474140156
48	0.9135430708872686
57	0.9087019275602234
76	-1.3408292193444367
79	-2.34579420214857
81	-2.348223331228796
130	-2.3512650245111213
140	-2.3528831600754416
159	-2.365550195351162
161	-2.4679375025214476
170	-2.4768139665073607
178	-2.4819918424599288
224	-2.5371129052516608
233	-2.5396791789506437
266	-2.555233319906227
274	-2.614985994002613
286	-2.6174229312632806
291	-2.8547911241531283
292	-2.9786113598538346
293	-3.1181383933768734
295	-3.329407323539558
300	-3.7501833815634678
303	-3.8362692621086723
305	-3.8508182568084077
320	-4.661901418416735
325	-4.667057274664562
333	-4.676130332591617
334	-4.716295177012873
353	-4.722838298246956
359	-4.7318455201113645
363	-4.738934070861941
388	-4.740067805100466
394	-4.7456288545195315
398	-4.749572427553891
419	-4.776090334911816
429	-4.778048145914352
439	-4.796999584653308
449	-4.888196798898009
459	-4.891497896480067
483	-4.911887346543353
488	-4.93675311907601
492	-4.963538646086744
512	-5.478141516483939
517	-5.483213919334896
525	-5.513497498999259
526	-5.531219456571791
534	-5.5729951014607275
536	-5.574808271399946
545	-5.607501349689119
555	-5.608603051446849
575	-5.628924075557994
577	-5.8102145498650914
581	-5.812373402409275
585	-6.239275267041217
587	-6.266436059356294
594	-6.281144497248046
606	-6.282551120101286
637	-6.291315281633416
656	-6.347154652952716
658	-6.348712560830118
667	-6.70878548514811
677	-6.722415659799104
686	-6.729847108885816
731	-6.747115507206907
751	-6.748434034100034
784	-6.75861990941022
794	-6.780617710901158
795	-6.781635717721462
815	-6.804076416075086
825	-6.819395916940531
836	-6.820930612782267
859	-6.822750778385995
880	-6.838441845592024
890	-6.843006275835609
912	-6.845557278358447
923	-6.863120484568866
933	-6.86585604578062
944	-6.86995846474066
954	-6.982980391201091
955	-7.066112233056404
987	-7.130764873199682
997	-7.132766187488811
1019	-7.205453757190286
1050	-7.206479817706035
1072	-7.250818566976295
1082	-7.263194163678082
1114	-7.26478371614464
1136	-7.267118961832487
1147	-7.276182431239892
1169	-7.277651442745536
1211	-7.279349012184262
1233	-7.28310256678472
1264	-7.287339468142511
1275	-7.292766687396805
1308	-7.315050701036326
1309	-7.316063970235311
1359	-7.335247741202266
1369	-7.363270237677317
1380	-7.364949234988733
1402	-7.3813129302581215
1435	-7.39383745264054
1446	-7.399425344559241
1456	-7.400660998864904
1489	-7.495763731828019
1522	-7.4968208054684995
1531	-7.544282420323744
1541	-7.557953245259037
1562	-7.6412618619077595
1572	-7.644963243606703
1583	-7.698349482774765
1593	-7.704868240382611
1605	-7.705899818913052
1615	-7.714940694371355
1626	-7.755350003402609
1638	-7.757197672439174
1649	-7.760584992193118
1660	-7.825820305285079
1713	-7.9891314766063575
1723	-8.057726115442758
1733	-8.059326334405009
1757	-8.061060957998505
1778	-8.063288816208047
1788	-8.071792644453033
1809	-8.074627413389065
1841	-8.075700470720895
1851	-8.106966541493414
1862	-8.107976679492994
1883	-8.117825092956826
1925	-8.118936267688293
1936	-8.132245641108122
1946	-8.161376733977315
1956	-8.16387217605022
1967	-8.17600754100098
1978	-8.250441353173443
1988	-8.252107528126526
1998	-8.262321034652942
2030	-8.281521143197663
2062	-8.294833165636039
2072	-8.332799701951853
2083	-8.335821480135714
2094	-8.339309911648686
2138	-8.368746510153244
2149	-8.370706564527165
2160	-8.394974669686906
2170	-8.424558666447878
2180	-8.426646449257447
2202	-8.503364750579845
2212	-8.50862291370241
2223	-8.519527755391637
2233	-8.545669911834821
2266	-8.5533599985139
2287	-8.557742743495274
2298	-8.563841378940936
2320	-8.565867675934243
2330	-8.593768863177859
2331	-8.594991458057269
2339	-8.599751034059588
2340	-8.606392001825496
2360	-8.618657012368157
2371	-8.620294251124855
2382	-8.62189736352773
2414	-8.622965909890796
2423	-8.649435260463129
2456	-8.68271022197507
2467	-8.687283685788469
2477	-8.691144450766613
2488	-8.692519266993228
2509	-8.702698585160665
2520	-8.704890108548538
2542	-8.707196319793278
2577	-8.708288443051988
2587	-8.712946593481343
2599	-8.714091366111186
2609	-8.715540013826585
2619	-8.726618214133083
2639	-8.750660980300292
2650	-8.751730625154481
2672	-8.769097970805142
2683	-8.771377415964162
2715	-8.772646630471323
2736	-8.7751095363921
2747	-8.784108687921282
2759	-8.785112168907569
2768	-8.793804158512208
2779	-8.805404726676235
2791	-8.806458161674836
2801	-8.808640102205706
2813	-8.80965112642078
2868	-8.81191571065118
2879	-8.815976543742725
2912	-8.817636785910343
2944	-8.82270845482954
2955	-8.824440909876403
2997	-8.827543545089506
3008	-8.946802199611932
3029	-8.948011277534565
3041	-8.94942249698666
3092	-8.951481606488777
3102	-9.016716797900278
3112	-9.019267832816466
3167	-9.023523767041889
3168	-9.024575933272347
3200	-9.048263021861306
3201	-9.049438702881435
3232	-9.073364592270677
3242	-9.075465832204639
3263	-9.104181789505896
3265	-9.105183612134413
3294	-9.115727163597365
3295	-9.116979777625913
3315	-9.118786441581843
3326	-9.120357972555064
3347	-9.125377870271992
3380	-9.128382074083136
3390	-9.172615098183346
3421	-9.179849758888995
3443	-9.197170983553995
3453	-9.223830685002552
3485	-9.24354012295089
3486	-9.2446035845521
3495	-9.246462931534394
3517	-9.256744241875671
3550	-9.257752232548498
3582	-9.28230925522178
3615	-9.319994739861965
3637	-9.323499483335786
3682	-9.328039254348557
3683	-9.329161683332078
3715	-9.331955921166754
3747	-9.333810073689408
3748	-9.334865597534375
3769	-9.338453416720515
3802	-9.339489756771085
3813	-9.343502536720962
3835	-9.34460476308758
3846	-9.38129000301819
3868	-9.383640224037803
3879	-9.398218575610427
3880	-9.399427358157935
3912	-9.45998466899034
3934	-9.532660385960101
3944	-9.537694180311698
3965	-9.5388902236422
3975	-9.555653599023081
4007	-9.556731665203602
4028	-9.569218066171539
4039	-9.574103976900462
4061	-9.575239796473017
4105	-9.597286919074158
4106	-9.59845005106383
4168	-9.638351151363002
4221	-9.639529415711117
4265	-9.641115091594052
4287	-9.642608837143957
4297	-9.651750251877676
4320	-9.653046759234757
4330	-9.707071473929506
4331	-9.708507340418496
4351	-9.711086471997648
4361	-9.722778261807102
4362	-9.723980217630684
4383	-9.758423715340403
4393	-9.773616393028355
4426	-9.775288886421624
4458	-9.776343350240905
4479	-9.781601567299361
4491	-9.782740294086294
4512	-9.785486900518789
4522	-9.795776164987174
4544	-9.805044844548178
4555	-9.813712435531375
4578	-9.814960121550243
4589	-9.816412362412676
4619	-9.819943264868682
4685	-9.829173023377288
4686	-9.830348383583985
4707	-9.83264093047822
4751	-9.846778661233026
4763	-9.84800508915673
4783	-9.86698075320706
4784	-9.868086087041743
4793	-9.870408201375938
4847	-9.946774322614635
4858	-9.948249054579136
4880	-9.949576794024775
4911	-9.960705700818059
4933	-9.963821172687828
4965	-9.967207917032656
4976	-9.973131637570027
4998	-9.975431918700613
5008	-9.978676467190898
5040	-9.991150088771949
5051	-9.992620884456281
5073	-10.013273791459763
5096	-10.014474361293882
5106	-10.016541358436628
5137	-10.095636958708694
5192	-10.096886662279319
5202	-10.115923944483193
5224	-10.11823244121844
5234	-10.121316313483145
5235	-10.12269563174922
5300	-10.126744694850638
5321	-10.127880797228705
5331	-10.129578385314927
5363	-10.132399705049927
5417	-10.13594271065578
5428	-10.141746441133034
5449	-10.143524062348973
5460	-10.152979241873572
5492	-10.157108838926758
5493	-10.158474921942062
5526	-10.160417965348278
5547	-10.163917090342897
5558	-10.18431070617853
5559	-10.185346458877051
5569	-10.186431642064994
5589	-10.19418176609231
5622	-10.202862074413174
5623	-10.20425097389533
5653	-10.207593541260902
5685	-10.21792415960249
5707	-10.231377172234286
5717	-10.246238265352565
5740	-10.247539043154621
5783	-10.255071635538782
5817	-10.256973244262792
5849	-10.2643678230404
5850	-10.265620630165845
5912	-10.279070230883198
5913	-10.28018096308599
5945	-10.287624353214763
5977	-10.288686189167178
6008	-10.306571612110355
6009	-10.308244067552181
6031	-10.309528208308603
6040	-10.318837315402735
6041	-10.320061509798684
6095	-10.32240390676252
6106	-10.324592542956372
6127	-10.328640882719785
6138	-10.331700432665402
6139	-10.332798542370442
6171	-10.370059577870542
6193	-10.371619734410563
6204	-10.381062034643914
6205	-10.382279031526268
6226	-10.388719045239892
6237	-10.39622146442736
6238	-10.397479983131419
6270	-10.405220363779687
6271	-10.406343134600426
6304	-10.422538407161023
6326	-10.423837258407733
6359	-10.458769500653712
6371	-10.462788250138221
6404	-10.465009359298929
6405	-10.466295106089094
6436	-10.478090194959071
6437	-10.479233793408339
6458	-10.480260126100942
6501	-10.485488238707227
6502	-10.486593243243647
6537	-10.498225132759558
6557	-10.499487003437707
6590	-10.500699743192696
6621	-10.502060866665069
6631	-10.524240196584477
6632	-10.52547933782495
6662	-10.552420003277277
6695	-10.558480363989021
6696	-10.559598808510248
6717	-10.56709561626659
6727	-10.57177096470851
6760	-10.572979845190146
6813	-10.575488759032423
6824	-10.57707520820152
6845	-10.5792086363495
6888	-10.581648308837533
6932	-10.582651360087823
6942	-10.606126021965887
6952	-10.61000217422919
6983	-10.615119205880992
6984	-10.616279794376203
6994	-10.617316356767239
7015	-10.622149836540768
7016	-10.623296566734528
7037	-10.624485337841143
7070	-10.625682644432285
7080	-10.643174957195496
7123	-10.644221688271202
7146	-10.64556123941378
7167	-10.651353041327026
7178	-10.657996423380363
7179	-10.659025086146617
7200	-10.660768469610787
7244	-10.670035477555228
7245	-10.67106384751095
7276	-10.692500751634633
7287	-10.693608388212834
7296	-10.698412897982925
7308	-10.700199398579116
7329	-10.707797348048778
7340	-10.724668757340217
7372	-10.72580925243812
7405	-10.72717760081652
7427	-10.730684718677159
7470	-10.764681971142275
7504	-10.768822397190293
7516	-10.76997271585447
7526	-10.778760876679076
7537	-10.78276733733805
7600	-10.784729791031623
7601	-10.785758179719942
7623	-10.786763949912375
7633	-10.789918809414207
7654	-10.792911303126882
7699	-10.793958061845576
7720	-10.795356910658459
7752	-10.796830732648568
7762	-10.810451844707247
7795	-10.813400897725018
7807	-10.81448264545024
7828	-10.847586616297697
7829	-10.849059168406901
7850	-10.851705135151619
7861	-10.853202636318507
7862	-10.854228522371677
7883	-10.858744097600301
7916	-10.860667644509535
7927	-10.87205028592876
7928	-10.873125284748394
7981	-10.876822690882376
7992	-10.894862098513196
8026	-10.896017399784908
8057	-10.897310372853074
8091	-10.898416282791459
8113	-10.899762065110627
8123	-10.90643660370476
8156	-10.912222889491895
8157	-10.913407566671488
8189	-10.925539983627482
8190	-10.926713567596726
8211	-10.927719948802737
8255	-10.9288599233583
8340	-10.930783629051462
8351	-10.939923146045924
8352	-10.94131957744193
8375	-10.942636374249844
8385	-10.943930097707238
8417	-10.947413100996819
8418	-10.948787021504392
8439	-10.950790503430293
8450	-10.953067542332661
8451	-10.954100774952686
8472	-10.955832164544379
8483	-10.958349764339784
8505	-10.95980127671153
8549	-10.96090210668309
8569	-10.96544348232325
8580	-10.971361308863662
8601	-10.973771188035979
8643	-10.975243636320437
8697	-10.9766917482121
8707	-10.9807697296348
8738	-10.982755933447066
8739	-10.984058137887875
8771	-10.987319636796128
8772	-10.988598956758782
8824	-10.989884075117986
8834	-10.995065001771923
8835	-10.996347935155558
8867	-11.001143191132757
8921	-11.002472692447963
8931	-11.005951280202583
8963	-11.012757745201064
8996	-11.020489418487054
8997	-11.021844727759875
9029	-11.023635559734927
9050	-11.028238188630723
9061	-11.031032767878822
9062	-11.032163006781907
9150	-11.036491483686907
9162	-11.037994160174414
9182	-11.041134780893755
9192	-11.042518094995158
9214	-11.049491126913905
9225	-11.053786705070404
9248	-11.055341265922753
9259	-11.056463824326995
9358	-11.057577264865635
9379	-11.059934029063209
9422	-11.064556321950574
9520	-11.075759093847704
9532	-11.076785838714965
9585	-11.088902514774162
9617	-11.094699721829361
9650	-11.097546078379834
9671	-11.098613084604256
9736	-11.101885995001975
9801	-11.103512212569656
9812	-11.10943379204326
9845	-11.110845956574936
9865	-11.111904811311
9876	-11.11545813502813
9941	-11.11649653429855
10007	-11.119092043001176
10008	-11.120352283977894
10106	-11.121731764393767
10128	-11.122752599151179
10193	-11.124055687314147
10237	-11.132970666868763
10238	-11.134051745265538
10269	-11.14148526523732
10270	-11.142506273006894
10302	-11.148023860231362
10303	-11.149547506144287
10334	-11.152947628819609
10335	-11.153968466111337
10388	-11.156757369327794
10398	-11.164565899393823
10421	-11.165599362647406
10432	-11.166637652375911
10453	-11.168593952504802
10463	-11.173464082583168
10495	-11.179874113669422
10496	-11.181236857457183
10550	-11.182336852032934
10594	-11.19470343488125
10595	-11.19590040587338
10693	-11.197215093628778
10758	-11.199539310984633
10759	-11.200629817088608
10780	-11.202552438047281
10792	-11.203999184569343
10812	-11.205599270218451
10822	-11.207544068073734
10823	-11.20882015409012
10856	-11.2098538134975
10888	-11.211381398657679
10909	-11.21782001947079
10921	-11.21905149926256
10977	-11.220456244190911
11041	-11.22400910211916
11083	-11.22740546917906
11084	-11.228661046795231
11117	-11.23054181157596
11180	-11.236438725987782
11181	-11.237620584885537
11214	-11.239158732063766
11277	-11.240552849931163
11299	-11.241830985994701
11342	-11.247031502125175
11377	-11.248298240922908
11378	-11.249351807150475
11399	-11.25370143683882
11410	-11.259335577232873
11442	-11.274209767344319
11475	-11.275472635941705
11507	-11.278696921653927
11529	-11.279747101135015
11563	-11.282855537850947
11629	-11.302084599567165
11662	-11.30310410617483
11672	-11.30456669770687
11704	-11.306390999882895
11705	-11.307404353652702
11757	-11.308919199848797
11768	-11.324497966549586
11801	-11.32714489224641
11854	-11.330246020581349
11866	-11.331697493707464
11889	-11.332872282765424
11899	-11.334471392984176
11932	-11.335502411793561
11963	-11.35279342798149
11974	-11.353805564537824
11984	-11.356088678130464
11995	-11.358585032996881
11996	-11.359623394608382
12017	-11.361343580912024
12027	-11.366789859875333
12083	-11.367815762247288
12116	-11.370839337212352
12159	-11.374547624830972
12192	-11.37729886812686
12204	-11.378301065088495
12215	-11.379907510213593
12260	-11.381467098936803
12293	-11.382867951917309
12303	-11.38424460480867
12325	-11.386959728067254
12357	-11.391891375930433
12358	-11.392999850944861
12423	-11.394319928605793
12445	-11.395404950894124
12454	-11.398111524285072
12486	-11.399467787898361
12517	-11.408638514165919
12518	-11.409991994851087
12540	-11.41122221385933
12551	-11.4127505013842
12606	-11.414209054200859
12617	-11.41820326672867
12618	-11.419249325469908
12650	-11.429560617565375
12662	-11.43068432470328
12684	-11.435812995720386
12705	-11.43746308687863
12716	-11.439507272611117
12736	-11.442575729286418
12746	-11.444025047570412
12811	-11.451338320456964
12843	-11.452618529582118
12844	-11.453670700596176
12876	-11.456588499387095
12887	-11.457721583535633
12942	-11.458749616164724
13027	-11.461897017944533
13038	-11.466494753481927
13039	-11.46789046389916
13071	-11.470895129595023
13103	-11.472479398531235
13104	-11.473841133926443
13125	-11.475205164070434
13136	-11.481986905902888
13137	-11.48312029919689
13158	-11.487322883231712
13192	-11.488567120520575
13202	-11.490060512694711
13257	-11.493502622294036
13269	-11.495013576831614
13333	-11.49615848686834
13387	-11.499998963081756
13463	-11.501016064464453
13527	-11.51117487022665
13528	-11.512627254892452
13658	-11.51628521401217
13744	-11.526200222247784
13754	-11.533618113061468
13755	-11.534926010039849
13787	-11.539317590106641
13821	-11.541037406227073
13841	-11.546049430749635
13873	-11.549894027674375
13883	-11.552948178960536
13884	-11.554021493056814
13905	-11.557348209347735
13916	-11.558478578984149
13939	-11.559657752621304
13972	-11.56112947574768
14048	-11.564126115307081
14049	-11.565402703338025
14070	-11.567244168298398
14115	-11.568456839795285
14232	-11.569507919021268
14242	-11.571426195039944
14243	-11.572559809248746
14275	-11.575787194254938
14306	-11.581627221665988
14339	-11.586464293565362
14360	-11.587522183687964
14425	-11.588575219188721
14434	-11.589885368785732
14435	-11.590932340709037
14466	-11.59322653964754
14487	-11.594376208040682
14530	-11.59546206061735
14549	-11.59739501489433
14560	-11.602339566116674
14613	-11.60351587176384
14646	-11.605676245480337
14679	-11.606990571685447
14744	-11.608061867424523
14788	-11.60951313682737
14811	-11.610907004541998
14876	-11.613383117014903
14920	-11.61933624479718
14921	-11.620448372197016
14953	-11.625185288364188
14954	-11.62622435685684
14986	-11.627626922815075
14987	-11.629085544519663
15009	-11.630137515203543
15019	-11.6333765101525
15020	-11.634502260092624
15075	-11.63580670676109
15086	-11.640395062619751
15119	-11.641799721369607
15141	-11.6474602339401
15152	-11.65072578257393
15185	-11.65275157413606
15218	-11.65443322009809
15283	-11.65610961719443
15284	-11.657131952104745
15377	-11.663157213074728
15378	-11.664805156432944
15410	-11.666839036525301
15442	-11.670230816483445
15443	-11.671381955464657
15465	-11.672383013401129
15496	-11.676702103983423
15507	-11.678799728626249
15572	-11.680161538369916
15593	-11.683083126367803
15625	-11.686273176245633
15636	-11.688722961475282
15667	-11.69078021294775
15712	-11.691786645818711
15732	-11.696440784568619
15777	-11.697455028000242
15861	-11.7019051436387
15862	-11.70308282918931
15894	-11.705600896426606
15947	-11.706692173698833
16022	-11.7105211061631
16054	-11.71212841161065
16055	-11.713217152668735
16076	-11.714938647512511
16120	-11.725248614316826
16153	-11.727088236611397
16154	-11.728111992700358
16185	-11.730441975984842
16186	-11.731443733188614
16252	-11.732478994342571
16306	-11.746481169508089
16317	-11.747653748081653
16349	-11.749196943843895
16381	-11.750754310703435
16382	-11.751926001553167
16403	-11.752988245536343
16446	-11.760760599371064
16480	-11.763717959754878
16535	-11.76474366218096
16632	-11.766131567962516
16642	-11.775438961604205
16664	-11.777962405955241
16674	-11.782711215342477
16675	-11.783820683000428
16706	-11.788759320940718
16740	-11.790313174165977
16772	-11.791477181180893
16795	-11.792564136644117
16838	-11.794084049491605
16870	-11.796224330923039
16882	-11.797242427436252
16967	-11.80378717597903
16968	-11.80498535993718
17000	-11.80673610641718
17032	-11.809251679161196
17033	-11.810271641718185
17118	-11.811898028472308
17161	-11.81355616717633
17192	-11.823247949689437
17193	-11.824622067361405
17215	-11.82612092367341
17281	-11.82716443801658
17292	-11.82861271273002
17324	-11.835877711769383
17335	-11.836934074904729
17389	-11.838505732621842
17410	-11.843796124080887
17422	-11.844824150844127
17475	-11.845916492369422
17485	-11.850286216878885
17538	-11.85129087823809
17548	-11.853030537707603
17550	-11.854031262506036
17647	-11.855702823300529
17700	-11.861547427947915
17712	-11.86262548370445
17745	-11.864145146645606
17798	-11.866576586901152
17809	-11.877521559648093
17810	-11.87870066259748
17831	-11.884565864003228
17865	-11.88590114100488
17876	-11.88694399293897
17930	-11.890669392167933
17953	-11.891692574701725
17963	-11.89706110534433
17975	-11.898248536727845
18008	-11.899639455503461
18060	-11.906284750911704
18092	-11.907298925939909
18134	-11.909812408895446
18135	-11.91122293924972
18200	-11.92023610177959
18201	-11.921749746277856
18296	-11.923273189739662
18297	-11.924688407357712
18385	-11.92596977350542
18416	-11.93282842628139
18427	-11.937197679316663
18428	-11.938515227687004
18460	-11.940880342053452
18493	-11.94475016959994
18513	-11.947524042799312
18545	-11.948962035269131
18555	-11.952668379411644
18556	-11.953837670942617
18577	-11.957744348405171
18588	-11.959279947388065
18611	-11.960557061885265
18621	-11.962477789964026
18643	-11.969762948362291
18688	-11.970926950925062
18721	-11.971986503695614
18786	-11.973072337490812
18881	-11.980138385737327
18882	-11.981481691707545
18914	-11.985521977105362
18915	-11.986734208301908
18977	-11.989981802620383
18999	-11.991311030955876
19031	-11.992685032203589
19040	-11.99591242439909
19053	-11.996912620962512
19095	-11.99791671722193
19104	-12.001285115512779
19105	-12.002411278954554
19126	-12.007033822253993
19138	-12.008307402952864
19227	-12.009934765695792
19238	-12.011907882894631
19301	-12.012933813804228
19335	-12.014011349333723
19453	-12.015058178208342
19528	-12.016901533658272
19529	-12.018292131763884
19550	-12.019303833193126
19562	-12.020475116895327
19593	-12.025744049459636
19594	-12.026914457792087
19627	-12.027937460735235
19660	-12.029650457007605
19661	-12.031146456481258
19693	-12.036515129257982
19694	-12.03777058100019
19727	-12.039033067623398
19758	-12.042761812814494
19792	-12.044252927516771
19814	-12.045346206985135
19824	-12.046617613761068
19855	-12.048061784587023
19856	-12.049416679985086
19888	-12.051057175238961
19889	-12.052298862689492
19942	-12.053498424863553
19986	-12.05462439742116
20050	-12.06189905853922
20051	-12.06365723965717
20083	-12.070006241859447
20116	-12.0744769910979
20117	-12.075690045219256
20139	-12.077008496110606
20171	-12.082303273346328
20205	-12.083433096674186
20301	-12.087447997436225
20312	-12.094608509750756
20324	-12.095665106494481
20345	-12.097133424902696
20409	-12.105322090706656
20421	-12.106373927682112
20538	-12.108431533022047
20571	-12.112853669531153
20604	-12.113913455494298
20670	-12.114963176573665
20734	-12.116299637597553
20755	-12.117557980300898
20799	-12.120341180653897
20831	-12.126300890127274
20832	-12.127448947229608
20864	-12.128836360197543
20896	-12.131922666060293
20927	-12.134319537147867
20970	-12.135351388934865
20980	-12.141181762914664
20992	-12.142710053711898
21022	-12.145610836287117
21023	-12.146787901150425
21055	-12.14829879996898
21056	-12.1494059734733
21076	-12.150599290070907
21120	-12.151834709227149
21152	-12.153284526790879
21282	-12.154686650496329
21303	-12.15615506640572
21313	-12.157721155928362
21345	-12.159993146133248
21346	-12.161016608166964
21378	-12.169307796389846
21444	-12.171133720913822
21478	-12.173052781250393
21500	-12.178364447167544
21544	-12.180343489093445
21566	-12.182899840139294
21576	-12.185602294301635
21610	-12.187200207728587
21741	-12.188486840781396
21794	-12.189581968062411
21805	-12.19153266167002
21836	-12.193411145511481
21867	-12.204486870023658
21868	-12.205877891266901
21889	-12.207172381180406
21922	-12.208204850066275
21999	-12.209359306307487
22029	-12.210504580916204
22030	-12.21163126333288
22052	-12.212670454369762
22083	-12.220669762810557
22095	-12.22205086403925
22159	-12.223591710336642
22191	-12.224879486043728
22355	-12.22588012532807
22452	-12.227204164551203
22474	-12.228658667389935
22484	-12.233038286758353
22485	-12.2341507084984
22506	-12.235455589229383
22551	-12.236640158602615
22606	-12.238486697740004
22639	-12.241501006383512
22673	-12.242609075698459
22715	-12.244705779785402
22735	-12.255356316048651
22746	-12.259265879027508
22777	-12.260972539793727
22778	-12.262388688337326
22810	-12.264205326186946
22874	-12.269561736625233
22875	-12.271030792240964
22919	-12.27203243157977
22961	-12.27306734561801
22971	-12.27417916995115
23003	-12.27536495042137
23058	-12.276671382018767
23089	-12.283064243427498
23101	-12.284313851672259
23166	-12.288192754645939
23220	-12.289596290471492
23230	-12.290893944269763
23252	-12.293707211506744
23262	-12.296425945696845
23316	-12.300804111643792
23359	-12.302235755717494
23388	-12.306525618213444
23389	-12.30792418902467
23540	-12.308954719890425
23549	-12.313498513009058
23550	-12.314838266689664
23582	-12.317551572755942
23583	-12.318748088343208
23615	-12.320184828141102
23646	-12.321192959120642
23709	-12.32504337580961
23721	-12.326059125091078
23743	-12.327509941296706
23774	-12.333850985049866
23775	-12.335062985984306
23795	-12.337414727171002
23806	-12.338842094306086
23872	-12.33993725873796
23892	-12.343751631132426
23936	-12.348195376585984
23937	-12.349685932555193
23970	-12.351646331193978
24036	-12.352763745711425
24089	-12.35392649046996
24132	-12.356576429499329
24133	-12.357942907649537
24166	-12.359289681714984
24198	-12.364397899237794
24199	-12.365913627011574
24220	-12.367475357988004
24231	-12.369222138261632
24253	-12.370259626542824
24264	-12.371984442177181
24297	-12.373267703958007
24329	-12.375195574255828
24330	-12.376704960412384
24363	-12.377836505320786
24364	-12.37900019535967
24419	-12.380167919138813
24429	-12.388442154039977
24463	-12.389458243944274
24496	-12.390678254099946
24593	-12.391954718721278
24680	-12.392965354637665
24712	-12.394184829017682
24721	-12.401588191514648
24722	-12.40336984448959
24754	-12.41499774662256
24787	-12.416214855767508
24788	-12.417351644020755
24842	-12.420658960123209
24853	-12.421855927921671
24886	-12.423041183117178
24951	-12.424408418430154
24971	-12.429387852268762
24982	-12.441348063891578
24994	-12.44260012235893
25003	-12.444236901587919
25013	-12.4452537968725
25047	-12.446306709921197
25078	-12.447759107446236
25112	-12.448802078547361
25144	-12.450105613970853
25210	-12.451197273912232
25211	-12.452338145537231
25243	-12.456218724358976
25340	-12.457516130334183
25372	-12.458616539773404
25394	-12.45967300786623
25404	-12.460904790339105
25438	-12.462781343709395
25503	-12.471267326603893
25504	-12.472460599700794
25536	-12.474049371965156
25557	-12.476288962387962
25599	-12.479657659191048
25654	-12.48229669515163
25699	-12.483363458798472
25796	-12.484849852205262
25850	-12.486024060816236
25926	-12.487125598760638
25958	-12.49045436807003
25979	-12.492111851803855
26022	-12.49469207174893
26023	-12.495732345350953
26055	-12.497453890467744
26088	-12.498620336591515
26140	-12.501315273357319
26152	-12.503102412628541
26173	-12.504787342504512
26184	-12.507044585908531
26216	-12.508520244077925
26228	-12.509544129571834
26238	-12.514802902170594
26250	-12.515974092072554
26284	-12.518061854038812
26316	-12.521662884186474
26317	-12.52280969611146
26382	-12.523933326187475
26479	-12.52563467480243
26480	-12.526710240265372
26545	-12.52867194004775
26566	-12.532325295937504
26599	-12.533746529479547
26643	-12.535269966894452
26675	-12.53896499733703
26676	-12.540628203194721
26707	-12.542987223925898
26708	-12.544203044852907
26729	-12.547100133972469
26761	-12.55313928453519
26772	-12.55523259587377
26827	-12.556582611262648
26867	-12.558369192045653
26868	-12.559573349553881
26901	-12.569265841802139
26902	-12.570396381226429
26965	-12.5714667227659
27062	-12.57256072802066
27149	-12.573695484290809
27160	-12.57473537954219
27259	-12.577527256871905
27260	-12.57863292430129
27293	-12.579944029431774
27313	-12.582547217481034
27335	-12.583550531794135
27389	-12.584699475342815
27410	-12.588419640889336
27453	-12.597926553223926
27454	-12.599598921048761
27486	-12.600777300780738
27487	-12.602215097366038
27553	-12.604318488035501
27586	-12.605754061666675
27673	-12.606873638969963
27717	-12.608008815773484
27770	-12.612392589636753
27781	-12.615428937392226
27782	-12.616826830562093
27848	-12.620567906485732
27881	-12.621791604134618
27936	-12.622896156525757
27947	-12.624432711584616
27981	-12.625634752863805
28002	-12.626963113172575
28077	-12.628965291586745
28078	-12.630205670039524
28241	-12.63567247832643
28242	-12.637061644092812
28274	-12.638968156108763
28275	-12.640155280671902
28307	-12.641486414972592
28308	-12.642532127115985
28361	-12.643839549655734
28403	-12.648053076404194
28415	-12.649058801056619
28436	-12.651120433155073
28468	-12.655007525124851
28469	-12.656168447221111
28490	-12.659271990820338
28500	-12.6676534539795
28501	-12.668741131270334
28534	-12.670227478740552
28589	-12.67389158067269
28601	-12.674937805672968
28634	-12.67632882903612
28723	-12.67734930594226
28821	-12.678684024987785
28830	-12.685388135763096
28831	-12.686974360088168
28863	-12.688556487327014
28895	-12.695279887804059
28896	-12.696870571527718
28917	-12.698450683360866
28928	-12.703496272064761
28950	-12.70466336409703
28992	-12.707447431882121
28993	-12.70852489408363
29025	-12.712094343316988
29026	-12.713686390120014
29113	-12.71476295240614
29123	-12.72748345389066
29124	-12.728529255012555
29253	-12.732319722867413
29254	-12.733637938843824
29318	-12.734722148896703
29351	-12.735750565957638
29406	-12.737014937190441
29415	-12.74017816792021
29416	-12.741847611955576
29448	-12.743240326502727
29480	-12.745014899516054
29481	-12.746173068880617
29535	-12.747447315192717
29545	-12.75246647954299
29546	-12.754129747378444
29611	-12.755232330234122
29633	-12.75661932676636
29643	-12.757685537534009
29663	-12.76252921191452
29674	-12.769549735729623
29695	-12.771182933477979
29707	-12.772308352598989
29772	-12.773328222118128
29935	-12.778058385028316
30001	-12.779486589565595
30067	-12.780572339884937
30131	-12.784666431090457
30132	-12.786017560772608
30197	-12.78974538184975
30198	-12.790847526241187
30230	-12.792557069671503
30252	-12.799241114291886
30264	-12.800690302285501
30286	-12.805238036994655
30297	-12.807426155280291
30352	-12.808674455375348
30427	-12.810112639926777
30428	-12.81120823964527
30525	-12.813509622723686
30580	-12.814828507645757
30656	-12.816284273531256
30677	-12.81745511377771
30719	-12.81918024354131
30752	-12.821406941499536
30785	-12.822670083944455
30836	-12.824287438076514
30869	-12.82670788641239
30880	-12.827793532118639
30934	-12.832839333673194
30978	-12.834095275318887
30979	-12.835484963065488
31011	-12.841672058022732
31076	-12.84834352588539
31142	-12.849448518434036
31174	-12.850503234621602
31175	-12.851562999106429
31261	-12.85678670046054
31294	-12.858710786386943
31337	-12.86025363199948
31370	-12.872760602038342
31371	-12.874612277628225
31402	-12.877027061415752
31403	-12.878275604830481
31424	-12.881622794887543
31456	-12.890856222279568
31467	-12.892376318275334
31501	-12.893629058797087
31533	-12.89541266986945
31599	-12.896685345902217
31663	-12.898738546820809
31750	-12.903074179889312
31795	-12.904883276385405
31827	-12.906141628947848
31861	-12.907226764214737
31958	-12.911544620154347
31959	-12.912734372373444
32013	-12.913933288075386
32023	-12.91562158823055
32044	-12.916633696457046
32151	-12.924344239934465
32152	-12.925928508702388
32218	-12.927087785816425
32337	-12.928265804387873
32379	-12.93038130769506
32466	-12.93386887785817
32477	-12.937692283331394
32478	-12.939161364846377
32543	-12.941847973172116
32565	-12.943006245423579
32577	-12.944098997607448
32739	-12.946953861519187
32749	-12.948316621960638
32770	-12.949825174331792
32771	-12.95124798638622
32869	-12.952279124153497
32934	-12.95393842157477
32967	-12.95560792233668
32968	-12.95679442467651
33000	-12.960608646442907
33001	-12.961618662251091
33031	-12.964877786103603
33053	-12.96612114864734
33129	-12.9720288558004
33150	-12.974247152405564
33161	-12.975978630936892
33162	-12.977109258100622
33184	-12.978213069128762
33193	-12.981154221355846
33205	-12.982327635634016
33226	-12.98357759711382
33279	-12.988588340293196
33290	-12.990183671180516
33356	-12.991443535246452
33357	-12.99253094292289
33411	-12.99376009187578
33421	-12.995910369087314
33422	-12.996914818919427
33519	-13.008655055708658
33520	-13.010424158942252
33585	-13.011664431029637
33606	-13.012765806582184
33617	-13.019604483834344
33638	-13.021327033841706
33681	-13.023692493432495
33682	-13.024788220216914
33714	-13.030953662061435
33715	-13.032641035014212
33779	-13.037165778829296
33780	-13.038566780179647
33801	-13.041277619797116
33812	-13.049392781747702
33835	-13.050550342275304
33946	-13.051793508588917
34011	-13.052991075365874
34099	-13.054172329624873
34109	-13.055499767241296
34110	-13.057066120483155
34175	-13.058489643929555
34209	-13.059851205996845
34231	-13.061066917924203
34240	-13.070045219796441
34241	-13.07187595965167
34273	-13.07337322775123
34307	-13.074405163326654
34339	-13.075740809447009
34359	-13.077609853874185
34370	-13.083640202500403
34391	-13.085144767119813
34402	-13.086797220162461
34434	-13.088959334535229
34435	-13.090112518830686
34532	-13.091906898042378
34533	-13.09338921597277
34600	-13.094921689122272
34633	-13.105549941321758
34666	-13.106639587180098
34763	-13.107702651982294
34796	-13.108836588227257
34828	-13.112461985681879
34829	-13.113847319046393
34861	-13.114989685709547
34949	-13.118021299467141
34959	-13.12869979408519
34960	-13.130033224427907
34991	-13.131679182255807
35024	-13.132904116712913
35046	-13.140008306376544
35091	-13.141098896093414
35122	-13.155477041114988
35133	-13.156575997011512
35178	-13.157726804164357
35221	-13.163933047953062
35232	-13.16495276544937
35286	-13.166135858783376
35382	-13.16836361441228
35404	-13.169466091992891
35416	-13.171208347309259
35514	-13.172244474562133
35535	-13.17343578985009
35580	-13.174550992059652
35632	-13.178965258325404
35644	-13.179965438261732
35709	-13.181491956129777
35773	-13.186018996532692
35806	-13.187075168307738
35869	-13.189682568733737
35870	-13.190748399126281
35957	-13.199896205154682
35990	-13.201945545751679
36066	-13.205486174834183
36067	-13.207174977421275
36098	-13.209055795384321
36099	-13.21027682967328
36120	-13.217189945358147
36131	-13.219222919646356
36152	-13.22326729584477
36163	-13.227586104427887
36218	-13.23418457123937
36230	-13.235736532934302
36262	-13.239676540527759
36263	-13.240949233148593
36296	-13.252735854257402
36297	-13.253833091812677
36428	-13.255156747854183
36449	-13.256912774279563
36492	-13.258123605886063
36493	-13.259151477397646
36524	-13.263258270563075
36525	-13.264988279308044
36547	-13.266258350031963
36580	-13.267420078619558
36590	-13.26855580657893
36656	-13.270375569317897
36710	-13.272526671192137
36721	-13.275520701894443
36786	-13.276520772883323
36818	-13.27922645376276
36819	-13.28031014164749
36852	-13.282984774783893
36853	-13.284455692888779
36884	-13.285593615606922
36885	-13.287063974416169
36907	-13.28819838461828
36940	-13.28921948672384
36950	-13.290314638963912
37070	-13.291329455875337
37080	-13.293984738132709
37081	-13.295311737229476
37168	-13.299911989502258
37180	-13.302033553385568
37247	-13.303077959672768
37279	-13.304843877854125
37312	-13.306508140840311
37377	-13.307823965434013
37563	-13.308873202670364
37640	-13.310894247183136
37672	-13.315641853091066
37673	-13.316896762310508
37705	-13.321028320805745
37706	-13.322067341428872
37737	-13.3307450523101
37738	-13.331771550163669
37802	-13.334985252982488
37834	-13.341365037191322
37856	-13.342480616150107
37867	-13.343583015845477
37868	-13.344692758890666
37899	-13.351293833227084
37900	-13.3523352949522
37966	-13.353993401853659
37988	-13.355149397117703
37999	-13.35707871210074
38031	-13.35809129752877
38052	-13.359130272026484
38062	-13.360697250567254
38117	-13.361808314802612
38127	-13.363084290447139
38223	-13.377132293324314
38224	-13.379016150120707
38312	-13.380289613022446
38322	-13.384220889903284
38344	-13.385489321506379
38387	-13.387299369391348
38420	-13.389594098648603
38421	-13.391220141296312
38485	-13.394427587641895
38486	-13.395823181795334
38508	-13.396961467577023
38518	-13.398161748149167
38646	-13.416807271250912
38647	-13.41823178719038
38657	-13.41923848682577
38799	-13.421287170372242
38810	-13.422643132622532
38875	-13.424910041273812
38876	-13.42607601195282
38897	-13.428548076103088
38930	-13.429882324574299
38940	-13.433773407989419
38941	-13.435553999516255
38973	-13.438790922427703
38996	-13.439838360375257
39007	-13.441167147634948
39029	-13.44224773683879
39061	-13.443678118133711
39095	-13.444845256990439
39137	-13.446401118926644
39138	-13.447573469567851
39159	-13.448844159035707
39170	-13.450307401685734
39192	-13.451349136723517
39214	-13.452358599285553
39234	-13.453467352823937
39330	-13.464725065356662
39350	-13.466060333253488
39394	-13.46720994105254
39525	-13.469448297148293
39645	-13.472903357140682
39656	-13.481146764478092
39657	-13.482420728745591
39678	-13.491352332789969
39689	-13.493189577722147
39722	-13.494376328957264
39744	-13.502041064470442
39810	-13.503443040958807
39888	-13.504878803244742
39921	-13.520695206531496
39931	-13.522516691466773
40018	-13.52396120891122
40050	-13.525291417661682
40072	-13.526326444641882
40084	-13.532160100699553
40107	-13.5331658014369
40119	-13.53454918310998
40217	-13.536647081698522
40249	-13.537698701691221
40314	-13.539132715308233
40335	-13.54120933255623
40378	-13.542504303225881
40409	-13.579397455726056
40430	-13.58046667615693
40474	-13.58148125560647
40559	-13.58263487549702
40604	-13.583951298013258
40658	-13.59091352970999
40670	-13.592649420312679
40690	-13.594677444556506
40701	-13.596180443800707
40702	-13.597291276928813
40735	-13.598948783194059
40800	-13.600527770179593
40822	-13.60309236642859
40833	-13.60416477583652
40853	-13.607573398519142
40864	-13.6104526390551
40898	-13.611867638232955
40918	-13.612955630300277
40928	-13.614428996987956
40929	-13.61551463023481
41048	-13.6167662104814
41057	-13.618735375632149
41058	-13.619954446645144
41091	-13.621996237934074
41112	-13.623079891067537
41156	-13.624192222330732
41222	-13.629308503906
41223	-13.631133716345134
41244	-13.63644995268894
41255	-13.638188675812769
41256	-13.639457431727758
41288	-13.640642371971957
41289	-13.642382342448306
41409	-13.64537472301254
41421	-13.64670880585657
41442	-13.64802920818225
41453	-13.649705421651463
41519	-13.653211889145974
41520	-13.654259030742955
41552	-13.656012502517617
41584	-13.657419028536822
41585	-13.65844056093265
41640	-13.65976804582773
41738	-13.661168001287406
41781	-13.664549635692827
41782	-13.665955816456805
41837	-13.666988562684406
41869	-13.66829553120582
41881	-13.670100780084763
41914	-13.67134196908631
41915	-13.672547978342338
42002	-13.67434881583748
42013	-13.677915240171595
42034	-13.679089257410453
42045	-13.68230708188388
42078	-13.684136372076942
42079	-13.685274849883422
42176	-13.695932191982282
42177	-13.697686779686835
42198	-13.69892312589324
42276	-13.700111989912342
42341	-13.701833678890367
42373	-13.70298173355499
42374	-13.70410738999079
42428	-13.705483230410385
42438	-13.719758757804012
42439	-13.720809809030177
42504	-13.725853614446795
42537	-13.729813312082644
42558	-13.7336984060639
42570	-13.734966453753332
42602	-13.737738273966135
42614	-13.738762654859968
42635	-13.739948192432143
42669	-13.741089188570529
42691	-13.742552507202154
42701	-13.749393417759698
42766	-13.751359713013215
42767	-13.752514513826528
42830	-13.753528954941151
42831	-13.754689973379175
42916	-13.757196468387706
42927	-13.758247543624657
42928	-13.759868550480878
43015	-13.763707429019817
43027	-13.764709086880416
43124	-13.766144035313218
43125	-13.767790518368727
43147	-13.768953981712732
43157	-13.770850056135705
43189	-13.772958545753395
43190	-13.77442442174483
43222	-13.776572835858637
43255	-13.777860255060363
43319	-13.779114445646265
43351	-13.781200637476262
43482	-13.783402336023197
43582	-13.785044742730578
43604	-13.790090604300174
43649	-13.792041752713011
43681	-13.794430578845734
43704	-13.795615705897578
43715	-13.797152045111623
43779	-13.799091386845918
43812	-13.800750682242034
43846	-13.802770109581212
43932	-13.803774496836326
43943	-13.805262834007873
43966	-13.806323962942088
44009	-13.80787390653536
44010	-13.809034584337734
44042	-13.82260528407877
44096	-13.824236305112672
44194	-13.825327944497596
44227	-13.827324117951154
44304	-13.828606414260591
44336	-13.829656092973828
44356	-13.830992830874663
44367	-13.84043464915328
44368	-13.84178321199138
44389	-13.8435436737282
44399	-13.844680698694392
44433	-13.846075233688579
44454	-13.863605553807718
44465	-13.865005686476021
44497	-13.86891950998542
44498	-13.870058013601179
44530	-13.923292771706976
44542	-13.924456775727707
44553	-13.925550704419036
44564	-13.926954698679115
44630	-13.9455049845665
44640	-13.946917998784587
44663	-13.947931088813494
44684	-13.949001168294473
44726	-13.951248667511635
44757	-13.956283369547618
44768	-13.957474999719826
44779	-13.96063723244724
44790	-13.97418054806212
44812	-13.976939373640384
44823	-13.97865593516089
44846	-13.979742734028955
44889	-13.982931600383193
44890	-13.98397564796317
44977	-13.985411063369773
44987	-13.987933926511209
45019	-13.989536284900183
45040	-13.992653015783791
45051	-13.994058197691302
45137	-14.001360232660163
45148	-14.002420840251283
45180	-14.00397649107285
45245	-14.005075195426405
45312	-14.006592215984343
45346	-14.008424140583186
45367	-14.018840479841964
45379	-14.020451239158907
45411	-14.02167679357512
45443	-14.025161865213251
45476	-14.026322528429256
45508	-14.027997912816804
45529	-14.03499422103553
45540	-14.037746245575956
45561	-14.040242190445735
45572	-14.042925340404512
45604	-14.046675794058306
45626	-14.047923562421039
45666	-14.052376473410419
45667	-14.053602666915593
45700	-14.065181313965503
45702	-14.066181672176603
45722	-14.06780322065469
45765	-14.072759005129095
45766	-14.074102263874984
45799	-14.076496629918188
45853	-14.080003896398047
45898	-14.082255107850843
45931	-14.083297133645369
45932	-14.08507224552545
45953	-14.091226298745893
45965	-14.093324039528468
45998	-14.09595297380968
46063	-14.096974967321211
46085	-14.098371200039015
46096	-14.099789905161103
46118	-14.108468700160367
46151	-14.114245938093113
46217	-14.115716732823918
46228	-14.124533469327423
46229	-14.125639244524104
46260	-14.128028242719076
46261	-14.129410482436905
46292	-14.130704682677493
46293	-14.132138063749506
46314	-14.138585910641048
46325	-14.14009774799551
46346	-14.141629720117944
46411	-14.143459041841792
46444	-14.156117469496277
46445	-14.157175770623432
46488	-14.159147580683484
46489	-14.160582906165152
46543	-14.16968224009588
46576	-14.174098757920651
46610	-14.175434007768366
46620	-14.179055353543463
46621	-14.180378738673221
46708	-14.181608672987132
46739	-14.183279571762073
46749	-14.188745496814363
46782	-14.190476902367584
46783	-14.191788258384895
46805	-14.193557139554123
46816	-14.194797951385967
46871	-14.195845616674815
46903	-14.19752462027442
46947	-14.199992701968103
46970	-14.201150721878623
47046	-14.204425905500793
47047	-14.205674605457743
47079	-14.207021118933673
47080	-14.208096653115463
47134	-14.210331573963117
47145	-14.224031782357958
47146	-14.225036975435508
47210	-14.227336936336012
47243	-14.228339374072014
47274	-14.230276096566813
47275	-14.23136874651022
47296	-14.232792622234282
47339	-14.236785909642013
47372	-14.238148091768398
47404	-14.245972246156748
47492	-14.247272334499115
47536	-14.24912919596746
47623	-14.252380919647724
47667	-14.253529539994387
47700	-14.254776364709326
47721	-14.259097841412512
47754	-14.260834009953998
47766	-14.262537332394128
47832	-14.264626600882933
47853	-14.266252457045933
47863	-14.26842564904816
47864	-14.269568157030738
47885	-14.272899442536477
47886	-14.273980126860208
47897	-14.275070996123583
47929	-14.277038391436097
47983	-14.279728149553023
47993	-14.281388627720256
48015	-14.28243060341762
48057	-14.323624529148493
48058	-14.32500251840414
48067	-14.326050824250391
48111	-14.327220660101048
48189	-14.328853812326631
48255	-14.330079176439131
48309	-14.333716295019034
48352	-14.334843498355074
48353	-14.336687002181074
48474	-14.338613747412772
48486	-14.339677237624628
48507	-14.340768826711951
48517	-14.342993415925118
48572	-14.344570864515623
48615	-14.350481682308896
48616	-14.351638716988557
48648	-14.358812519664735
48669	-14.361165536277868
48714	-14.362283880261382
48746	-14.403653145669004
48766	-14.404776286697013
48777	-14.406553712206847
48778	-14.407560714345989
48799	-14.409291956683296
48876	-14.410313880933943
48899	-14.412367321286805
48910	-14.413756337269307
48911	-14.41481459309596
48965	-14.415870128176465
48974	-14.41798476396272
49006	-14.421983447573563
49027	-14.423130829524775
49038	-14.424704806465828
49058	-14.426103293175263
49069	-14.428866615807333
49070	-14.429997510329695
49091	-14.436378747335194
49136	-14.438128150209149
49157	-14.443290009117938
49200	-14.446319821625808
49222	-14.447327655264804
49268	-14.448559782214573
49299	-14.4587508342443
49332	-14.484511804266159
49343	-14.485521253050821
49386	-14.489764843623101
49397	-14.493361076191016
49420	-14.4943681714757
49462	-14.503696422797109
49473	-14.504907493138282
49484	-14.510453700583778
49495	-14.558462317233085
49517	-14.567897493649433
49527	-14.56935111019666
49549	-14.570696921012766
49561	-14.572180418679444
49593	-14.577291340402725
49594	-14.578320839608393
49626	-14.579321339552056
49647	-14.58107618389771
49678	-14.583978532418207
49722	-14.585377393327226
49743	-14.588772446581679
49819	-14.680504348414845
49839	-14.681525273454183
49849	-14.690735391624948
49881	-14.694536886460385
49882	-14.695642153952347
49969	-14.69824407888365
50002	-14.699248472769797
50014	-14.70117955534667
50068	-14.705586121412084
50101	-14.708507772767751
50134	-14.709671020273078
50144	-14.712555793023565
50176	-14.717026536197466
50177	-14.7181002251738
50209	-14.72030260649169
50210	-14.721423015939928
50264	-14.726192478362092
50275	-14.732303231606979
50298	-14.733590846687605
50309	-14.741152153594438
50331	-14.742863033449751
50374	-14.745101359245666
50375	-14.746324963253853
50428	-14.748320493364096
50461	-14.749678347782943
50470	-14.756585964326952
50471	-14.758010493313755
50557	-14.76910360574463
50600	-14.773222587698335
50601	-14.77457974573999
50655	-14.798794901980015
50666	-14.800135924425714
50687	-14.805772005728858
50698	-14.807302945066107
50699	-14.809037739490693
50765	-14.810165063910713
50766	-14.811514946674876
50787	-14.816544026728462
50799	-14.818528759503465
50854	-14.824635484262478
50931	-14.825687019479554
50954	-14.82701154944292
50986	-14.829654857965435
50997	-14.83596358091915
50998	-14.837046950900064
51019	-14.839485180337183
51031	-14.840788677688376
51063	-14.842988168419064
51064	-14.844104433683187
51117	-14.848073070292205
51149	-14.863071809250883
51150	-14.864294815363417
51183	-14.865296507721443
51227	-14.867221697305567
51249	-14.868561600751182
51293	-14.870035335684447
51325	-14.872706110321007
51326	-14.873926710672798
51359	-14.875154510226182
51414	-14.87870276870692
51415	-14.879766116045998
51458	-14.881220184455243
51491	-14.884431235834638
51492	-14.885775095570533
51514	-14.887315920520445
51525	-14.889317021793556
51557	-14.890377741784826
51578	-14.89243886298588
51589	-14.905306932663837
51590	-14.907051239180563
51611	-14.909103726526336
51655	-14.91060195906244
51720	-14.912002752370963
51721	-14.913063100107639
51785	-14.91472750940233
51786	-14.91578339567852
51840	-14.921161862011274
51851	-14.930644594456124
51873	-14.938234036890655
51874	-14.939330154033234
51951	-14.94156549897582
51983	-14.943203016919743
52005	-14.94472164633247
52037	-14.947273280764245
52048	-14.952504340348112
52071	-14.953540435628394
52103	-14.955370222134766
52115	-14.956787911795187
52202	-14.957871941036402
52244	-14.96180475530994
52266	-14.962805009710198
52299	-14.96384376509338
52331	-14.988729575274261
52332	-14.98975406427315
52341	-14.99139925444647
52342	-14.992671091513593
52372	-14.994171479284601
52405	-14.995286209187082
52426	-14.997851295986003
52460	-14.999178701573584
52494	-15.00053357998714
52539	-15.00221286191172
52571	-15.007269696835719
52572	-15.008497794031092
52593	-15.020498815326272
52594	-15.021830046381917
52638	-15.02313951489824
52669	-15.028102585486861
52691	-15.029181026480217
52722	-15.030713413062934
52734	-15.031886605548381
52833	-15.0331457574536
52865	-15.034690858439177
52866	-15.036081317735768
52898	-15.049279901055085
52899	-15.051153163338896
52920	-15.052966051275016
52932	-15.054690935830427
52965	-15.06010246818311
52966	-15.061713873638697
53020	-15.063037991647962
53053	-15.065218210565506
53065	-15.06802133030058
53121	-15.069082177060718
53154	-15.070204795282969
53220	-15.071226846549068
53230	-15.072279640640781
53253	-15.073281725955274
53328	-15.090491591448647
53329	-15.092150026157658
53361	-15.094469270581833
53362	-15.096039023525885
53383	-15.099216060067606
53395	-15.100617275235786
53426	-15.10212127210868
53427	-15.103350186363473
53459	-15.127183367555611
53480	-15.12975495788577
53491	-15.13215408953337
53492	-15.133416502616702
53514	-15.13455371934409
53525	-15.13668741809539
53590	-15.137832392529209
53591	-15.138902475358172
53612	-15.141421467044692
53623	-15.143055355280744
53624	-15.144104768252513
53656	-15.145838093999457
53720	-15.1473331053923
53741	-15.149329427790159
53752	-15.151034412436918
53773	-15.153242905898734
53785	-15.154897012352501
53807	-15.156039909697586
53817	-15.158203609855262
53872	-15.163691759002049
53915	-15.164834570834433
53946	-15.21382202908116
54013	-15.237397153256751
54046	-15.238594104052986
54101	-15.243537618651306
54134	-15.244689306573685
54145	-15.246031455619567
54176	-15.280761387108267
54187	-15.282050607367779
54197	-15.294824263921775
54207	-15.318866023841757
54229	-15.324071152008388
54240	-15.326919904333645
54262	-15.32908738890248
54274	-15.33013898941479
54307	-15.36254169550475
54308	-15.363658541062426
54359	-15.367386477312182
54370	-15.369871427828835
54392	-15.373179274994653
54403	-15.37575847455494
54436	-15.377320435965741
54456	-15.383499159293061
54467	-15.386624228007099
54521	-15.388218989480832
54555	-15.38922247154266
54564	-15.396263019804758
54587	-15.397292708080814
54629	-15.398439277751622
54663	-15.400018300125407
54730	-15.40143786761854
54784	-15.402478873597609
54818	-15.403528323020575
54828	-15.404609619384887
54858	-15.407804216482395
54891	-15.408826095720539
54924	-15.410452467687891
54925	-15.411527264286168
54946	-15.413444904587658
54978	-15.415250153738613
54989	-15.417293024486622
55021	-15.426314437372339
55077	-15.427365815734031
55086	-15.435974241303871
55087	-15.437406178680725
55175	-15.438533234696996
55218	-15.439847987118995
55251	-15.442045972887339
55273	-15.445527332525545
55317	-15.448776837766063
55318	-15.450146408855634
55372	-15.455061331370189
55384	-15.456589359823234
55404	-15.457759922040141
55415	-15.459494744715895
55416	-15.46126125446731
55448	-15.464440970491177
55482	-15.465951892902392
55503	-15.467970958069321
55515	-15.469309722278586
55536	-15.473129887819931
55569	-15.47521612780449
55580	-15.476587794577718
55645	-15.477824046392254
55676	-15.48470845969128
55697	-15.486031754168353
55709	-15.488027950487057
55731	-15.489602257753806
55809	-15.49080638971701
55831	-15.491933570213169
55841	-15.498873288579103
55863	-15.505739606910735
55864	-15.506976525866094
55908	-15.508363467004196
55962	-15.51191320858988
55996	-15.51349776971675
56040	-15.515277143310191
56041	-15.5165316975247
56073	-15.517770200383131
56094	-15.519052843744182
56106	-15.520818407186432
56126	-15.524235100148214
56127	-15.525356512123478
56170	-15.527581653149433
56202	-15.529661238406858
56203	-15.53117198659195
56236	-15.533043869153213
56268	-15.534215903675442
56269	-15.535227874318455
56334	-15.53649705589146
56366	-15.537933281726822
56422	-15.541011019563737
56466	-15.542538723630118
56467	-15.543716063042497
56499	-15.550020426523723
56500	-15.551154284221786
56566	-15.552686748891476
56587	-15.553825692599762
56588	-15.55490880854799
56599	-15.555989944421373
56633	-15.557123180762192
56666	-15.558827047804938
56667	-15.560344784089182
56688	-15.561510118608057
56699	-15.562860676938394
56700	-15.563885785911458
56732	-15.565004866541948
56753	-15.567039931122922
56765	-15.568486278463844
56831	-15.569707033731014
56884	-15.571026557064009
56896	-15.572039764241852
56994	-15.57359341740217
57048	-15.575830205444717
57059	-15.577653563654351
57060	-15.57897774334179
57091	-15.583894415775728
57145	-15.586318136239765
57157	-15.587717358254618
57189	-15.589881028349785
57278	-15.591018298405833
57289	-15.593120889494784
57290	-15.594233645836544
57311	-15.59923374480543
57312	-15.600556659902615
57388	-15.60175388380158
57452	-15.604322909421866
57453	-15.605324101338919
57484	-15.630463287869622
57485	-15.631820381978898
57548	-15.633051273656166
57549	-15.634403046671725
57581	-15.635648272738576
57582	-15.637067484622236
57614	-15.644323851408005
57615	-15.64611835882165
57636	-15.647162699681989
57648	-15.64911685994694
57714	-15.650142988717048
57868	-15.651434507952404
57879	-15.653243014975839
57901	-15.65447218023903
57912	-15.658542243009613
57913	-15.659590806636851
57934	-15.662240210183983
57978	-15.66342938093593
58012	-15.664610633054217
58044	-15.703925993806369
58045	-15.705377570238152
58077	-15.709822902418399
58098	-15.712410916202076
58109	-15.713551773567533
58131	-15.714835977071004
58173	-15.724916838412716
58205	-15.735859904539371
58206	-15.736867672100564
58239	-15.738390219770748
58328	-15.739801454401505
58404	-15.741389047450514
58501	-15.742441511756217
58567	-15.74625261187113
58589	-15.74747271938496
58636	-15.75353200914018
58637	-15.755334225479645
58645	-15.757744893383835
58688	-15.759463811036902
58724	-15.767791352466505
58733	-15.773527003260037
58735	-15.775723678557288
58764	-15.801141901180594
58775	-15.804188826919114
58796	-15.812647536935074
58797	-15.814416373601373
58807	-15.83417877052298
58864	-15.858365155634479
58865	-15.860237403059937
58875	-15.882399408377962
58910	-15.931661601098545
58941	-15.94459815083191
59007	-15.946066893010425
59031	-16.041178681235845
59032	-16.042578447902137
59041	-16.043848450003228
59062	-16.04612861409498
59072	-16.069021009501945
59092	-16.070604429196834
59103	-16.071609107027896
59127	-16.072924625408717
59136	-16.075016413655696
59159	-16.104308168797456
59170	-16.11872730624826
59193	-16.120205882702706
59214	-16.12338032745818
59225	-16.124389408429096
59259	-16.12657708779643
59289	-16.146884446089356
59311	-16.14802755889104
59343	-16.149168722747575
59352	-16.15291289392776
59353	-16.15393051382531
59385	-16.1554274565754
59436	-16.156643375297737
59446	-16.15791744251298
59447	-16.15953286330078
59512	-16.160774754952012
59544	-16.162347209897614
59545	-16.16391933906535
59578	-16.165686215129224
59609	-16.170197377876388
59641	-16.17274809073157
59642	-16.174271652118424
59674	-16.17888914329948
59675	-16.180515688713605
59731	-16.1815780804877
59796	-16.18545264052663
59808	-16.187168950615433
59861	-16.188349974990928
59871	-16.19492752825807
59881	-16.198202142463984
59969	-16.231321211540187
59991	-16.234270702138634
60023	-16.236059296149687
60033	-16.242492662922114
60034	-16.244309336026422
60066	-16.25212749471303
60067	-16.253735808669077
60100	-16.25540101361839
60133	-16.256603776936082
60164	-16.27907425713759
60186	-16.280164277539622
60196	-16.281779712889463
60228	-16.284138870082614
60229	-16.285605624592574
60251	-16.286763802987956
60316	-16.303881397033205
60327	-16.309884082460197
60328	-16.310993211051084
60427	-16.31226304771636
60447	-16.313491825039772
60457	-16.32321496473708
60513	-16.32465007093719
60523	-16.33546295577289
60556	-16.36107525825484
60623	-16.362325262331876
60655	-16.364169187477973
60656	-16.36518320366026
60721	-16.366455953941646
60784	-16.36854558608695
60785	-16.369779534183916
60817	-16.39177827529133
60818	-16.393528735629452
60839	-16.39516632043947
60849	-16.406324256322502
60881	-16.416570339498982
60882	-16.418134451839286
60902	-16.42687054144153
60947	-16.427935006276268
60968	-16.432064496723683
60969	-16.433144858110413
61011	-16.45507885967163
61043	-16.48708174693718
61087	-16.488088954211968
61097	-16.49178023836771
61098	-16.492782578350198
61108	-16.51165760780948
61130	-16.512740255599585
61140	-16.517054327691223
61141	-16.518278360857384
61173	-16.520397639250838
61204	-16.52303007209637
61237	-16.524809022954425
61269	-16.527523388222516
61291	-16.528645310783208
61324	-16.53051625404353
61368	-16.536479270483852
61402	-16.537651879536455
61424	-16.538950711830484
61434	-16.54641070701872
61456	-16.54788382426637
61489	-16.549724032898926
61500	-16.561627623294232
61555	-16.56354751749438
61556	-16.564582423730194
61599	-16.566218947118468
61632	-16.5673668852046
61742	-16.568452374519367
61785	-16.56982946490794
61795	-16.571321106569894
61796	-16.572764296953558
61861	-16.57513117463264
61862	-16.57630027514888
61893	-16.57788855294769
61989	-16.58521774850285
62011	-16.586632516654184
62020	-16.606245130001412
62042	-16.611922500425887
62052	-16.61335816451237
62073	-16.61633360839313
62074	-16.617353311182516
62139	-16.620682041847008
62149	-16.622100163302473
62180	-16.62501566171717
62181	-16.62618093460713
62212	-16.638961755142816
62277	-16.640063536874543
62278	-16.641483937250303
62311	-16.646039397216143
62312	-16.648023079971438
62365	-16.654637618434343
62377	-16.65568146233102
62475	-16.656705123365402
62497	-16.658154896952546
62507	-16.660270170565603
62539	-16.663213090160347
62540	-16.664401230730675
62583	-16.66540152128647
62637	-16.666637393157355
62669	-16.67027200725837
62702	-16.672102012443098
62722	-16.67434318978915
62766	-16.680617457792145
62767	-16.682346624986273
62799	-16.69289326913344
62820	-16.693905220083565
62852	-16.695564101864687
62862	-16.69779139096936
62863	-16.69924109394742
62895	-16.70430437301002
62896	-16.70603234803226
62906	-16.70744030052024
62950	-16.70904073343084
62951	-16.710135176046563
62961	-16.711668315483998
62962	-16.712743566068884
62983	-16.714345908871298
63016	-16.715673292785308
63027	-16.718653840520304
63028	-16.719661824462385
63049	-16.720996752621065
63091	-16.731014278814555
63092	-16.732754114276474
63114	-16.733806310926855
63125	-16.74370894307143
63192	-16.745181367269765
63212	-16.751119616118718
63213	-16.752201803182913
63224	-16.753906690385957
63245	-16.756578895980798
63246	-16.75760107311597
63256	-16.758611852645274
63257	-16.759695650651448
63311	-16.761525305398862
63389	-16.76342359452898
63420	-16.76512829784905
63441	-16.7662788370397
63452	-16.773838301331526
63484	-16.775955938615834
63485	-16.777054204946754
63494	-16.778126509633413
63537	-16.779487558897905
63571	-16.780636457950344
63613	-16.783679749766502
63614	-16.78531899612691
63668	-16.78804375658891
63680	-16.789358559426972
63703	-16.79060455745408
63713	-16.79717630628181
63747	-16.798380959993125
63779	-16.800253961196873
63780	-16.801668038549405
63811	-16.80279796487135
63822	-16.803850818689277
63832	-16.80509125824376
63898	-16.806435484872008
64007	-16.807756830537482
64040	-16.80902988290422
64138	-16.810532199060948
64169	-16.816791386773307
64170	-16.81830546566147
64290	-16.819328826516976
64333	-16.821007329845415
64334	-16.82216286944488
64398	-16.82323479680547
64399	-16.824533502500774
64421	-16.82668125958543
64431	-16.828538510194104
64432	-16.829690877392487
64464	-16.83096685280211
64561	-16.832617405456144
64562	-16.83386917526853
64626	-16.835883475522664
64714	-16.838338335497244
64725	-16.839625079819054
64757	-16.84190697529716
64843	-16.84318165290311
64844	-16.84426717432658
64943	-16.84554523566418
64986	-16.847424146087842
65007	-16.848550682322976
65016	-16.856980461406533
65072	-16.858729868227528
65149	-16.861320251735158
65150	-16.862530387507555
65204	-16.863579290125355
65214	-16.86544350320096
65303	-16.867355670618753
65380	-16.868645845010427
65479	-16.870103408168948
65511	-16.871709788383743
65566	-16.872716325411037
65597	-16.87652934414758
65609	-16.87833391495401
65664	-16.881689550061164
65675	-16.884267883132537
65707	-16.88901466816856
65708	-16.890077605627724
65793	-16.891517293844704
65804	-16.892862823609526
65836	-16.89386865365204
65933	-16.89898557316874
65965	-16.903665680906613
65998	-16.90499635034118
66063	-16.907592028336293
66096	-16.909160726899565
66128	-16.910993909743134
66192	-16.912499342292836
66357	-16.913516289201958
66422	-16.915536999539903
66423	-16.91669870492116
66487	-16.918554432813185
66553	-16.920937799308774
66554	-16.922153144608572
66585	-16.92499482995477
66586	-16.926022524080807
66607	-16.92734463994376
66715	-16.929473931482015
66749	-16.931332669025604
66770	-16.933396205223694
66781	-16.934558071255882
66813	-16.93578300216321
66844	-16.937436946705617
66888	-16.93844174532842
66909	-16.959974598938068
67042	-16.961004899923847
67107	-16.962059638610153
67239	-16.963174221642724
67304	-16.964214627529955
67336	-16.9664091133731
67337	-16.967816829033453
67403	-16.96908918268717
67423	-16.970279552234377
67424	-16.971327915985583
67501	-16.976780674022198
67502	-16.977977017837663
67564	-16.98177079164174
67597	-16.983189297514556
67684	-16.984308524673793
67760	-16.985449774227124
67793	-16.986686847519138
67859	-16.987757454144262
67893	-16.988758285345142
67925	-16.989968822924915
67956	-16.9920437085522
67988	-16.993705873443997
67989	-16.994930201278734
68151	-17.001373641912085
68182	-17.00317394223861
68183	-17.004288413518136
68246	-17.005670182156774
68311	-17.010285554235562
68312	-17.0121899875894
68366	-17.013322523849148
68400	-17.014673158344188
68410	-17.017316300522204
68464	-17.019370429459432
68476	-17.02038252465095
68531	-17.02157744851762
68596	-17.022910804133964
68670	-17.024636890240068
68671	-17.02623719183829
68735	-17.027812493056928
68855	-17.02882579966111
68866	-17.030130796227816
68987	-17.031137753761367
69129	-17.032608986887933
69184	-17.034173327892095
69195	-17.035592980013355
69258	-17.03676758009725
69259	-17.037988861511984
69357	-17.03960059514952
69423	-17.040992007059106
69455	-17.042556957837654
69521	-17.044070895027193
69542	-17.045415336460465
69543	-17.046490210486205
69620	-17.048048539826777
69643	-17.049164866528695
69687	-17.050336397899503
69698	-17.051339062618577
69719	-17.054155628822386
69742	-17.055169454989542
69775	-17.05643907416417
69851	-17.064047726402677
69852	-17.065781495949725
70048	-17.06769753159558
70134	-17.068957944677067
70168	-17.069978526075975
70245	-17.071213826267357
70343	-17.072884014075104
70376	-17.0740368603797
70615	-17.07503692363616
70636	-17.076195410141214
70701	-17.0773320726021
70713	-17.078333941275258
70799	-17.079522047724673
70832	-17.080569675035193
70952	-17.081634123942685
71027	-17.099810141596027
71028	-17.101546968302678
71192	-17.102585281725222
71193	-17.104000463626587
71258	-17.108378888340674
71259	-17.109556368810182
71280	-17.110823859089596
71289	-17.113272086481246
71290	-17.11427263236289
71419	-17.11556175886038
71420	-17.116855928395545
71452	-17.118402153123224
71453	-17.119789618556116
71474	-17.121780502771262
71508	-17.12284358540287
71540	-17.124431412071836
71551	-17.125981657645262
71682	-17.127342427754368
71814	-17.12910872666794
72044	-17.13157776724975
72045	-17.132939570740092
72111	-17.13401153525589
72132	-17.135405870799904
72207	-17.137637861928628
72272	-17.144416702881497
72305	-17.146760989488758
72392	-17.147796074052284
72469	-17.149397032354546
72568	-17.15093136838774
72654	-17.152551243060852
72698	-17.153701757444356
72699	-17.15484874334209
72851	-17.15586028048305
72861	-17.158294287725663
72893	-17.159365911824057
72990	-17.160872902498475
73022	-17.1631698465552
73044	-17.164403094183466
73088	-17.16670652518148
73120	-17.168555534146346
73153	-17.16971230909925
73285	-17.17111758137557
73319	-17.17213921096273
73383	-17.174291168485166
73384	-17.175546252122206
73481	-17.177100244682755
73580	-17.178261503887498
73635	-17.179638736308185
73799	-17.180719673267323
73843	-17.182188181145317
73942	-17.184280998199178
74028	-17.185397436745344
74136	-17.187086492797196
74168	-17.1890661768141
74234	-17.190476892983447
74256	-17.19156927687043
74356	-17.192703702464822
74400	-17.1940831822295
74411	-17.19512400355443
74465	-17.196264764393064
74532	-17.19886642208041
74762	-17.19986803493785
74828	-17.201028680086388
74861	-17.202458750220835
74961	-17.20390640221714
74982	-17.205246631895573
75092	-17.206888260007027
75158	-17.208920603448966
75409	-17.21034258584978
75421	-17.212027962841148
75575	-17.213173399274247
75673	-17.2142468119445
75715	-17.216857888951463
75749	-17.218349080610473
75912	-17.219848066517628
75945	-17.221939119857375
75977	-17.224360390744668
75978	-17.225589868017963
75999	-17.226628633711428
76009	-17.228308165419925
76140	-17.229593527915032
76238	-17.23082721130794
76272	-17.232040226480265
76305	-17.234441604556416
76337	-17.2361165710431
76338	-17.23718499797368
76536	-17.23860469093813
76667	-17.24032054127722
76732	-17.2416738255695
76765	-17.242807518872898
76766	-17.24409122863878
76898	-17.245922638780737
76996	-17.246980442729605
76997	-17.248096583592055
77095	-17.249671785799148
77161	-17.251280798451983
77293	-17.252386412263245
77347	-17.253541986338565
77378	-17.255602501906534
77444	-17.256951956042055
77521	-17.258702874923582
77587	-17.259922123706303
77751	-17.262088772015524
77774	-17.263757609317683
77818	-17.26572731811239
77949	-17.266811034899902
78026	-17.26785121217246
78082	-17.270085032604594
78212	-17.271346764990934
78213	-17.27314088149198
78345	-17.27415585240696
78367	-17.275316286448263
78432	-17.276374742395557
78531	-17.27748796166411
78574	-17.279013797972716
78629	-17.280264309555562
78671	-17.283566596176573
78672	-17.284800339838117
78703	-17.286768498797965
78865	-17.288091201170054
78897	-17.289269462629065
78964	-17.290342074219446
79117	-17.291612004830935
79129	-17.293230053267248
79260	-17.29431200208363
79293	-17.295384056749256
79359	-17.29647889243103
79555	-17.2977443932805
79658	-17.299572535714386
79746	-17.301088203218306
79856	-17.302891652966803
79953	-17.304634185478488
80139	-17.306091206796587
80315	-17.30711593222677
80445	-17.30871881776491
80446	-17.310517131581268
80478	-17.31337913760039
80479	-17.314823861558487
80676	-17.316058002796666
80873	-17.3171459021641
80939	-17.318299728611734
81038	-17.320028527693367
81169	-17.3210512891107
81235	-17.322070314058358
81334	-17.32340997408503
81465	-17.325740587884642
81499	-17.327257604723528
81631	-17.328939775031497
81664	-17.330592053732868
81829	-17.331963495018673
82082	-17.333294618380695
82113	-17.334978171429412
82180	-17.336186784958304
82255	-17.338166173714196
82437	-17.339346931656486
82480	-17.34156633439733
82503	-17.34266781103268
82546	-17.344376079724732
82699	-17.346188548908305
82711	-17.347528132199
82766	-17.348649897204357
82810	-17.350196463852495
82811	-17.351378638362647
82864	-17.35255998179172
82940	-17.35438682549513
82941	-17.356211584446942
83095	-17.357735563282507
83137	-17.358770362649732
83294	-17.360323471438377
83501	-17.361712400977183
83599	-17.362729874535464
83643	-17.363746586390207
83720	-17.364925789461353
83830	-17.366036800392347
83995	-17.367038214521898
84294	-17.36821429436814
84392	-17.369344428869685
84594	-17.37075504401696
84595	-17.37230074826507
84628	-17.377693319695474
84629	-17.37931929723601
84762	-17.380378126877076
84861	-17.382089296187182
84916	-17.383111816055397
85025	-17.384223613475605
85146	-17.385293430856965
85188	-17.386375723391637
85285	-17.38769488765941
85484	-17.38887414989383
85583	-17.390486446021697
85746	-17.391768861898207
85812	-17.39512328647239
85834	-17.396408914477114
85978	-17.397535090293662
86110	-17.400006405510595
86199	-17.40104790788816
86243	-17.40224090761727
86375	-17.404645518216515
86474	-17.40570834065935
86639	-17.406752360278105
86826	-17.40845786950366
86857	-17.409559745873835
86932	-17.410780023155482
86997	-17.41284990921275
87182	-17.41398144867299
87214	-17.415026883863423
87224	-17.416426086617406
87225	-17.418325371268004
87247	-17.41966103647967
87280	-17.420723865919353
87411	-17.4218385784254
87444	-17.422944911155714
87552	-17.426708696052284
87553	-17.42780823880694
87685	-17.430362100201496
87818	-17.431386885926226
87917	-17.432441027398404
88115	-17.43344292230874
88246	-17.434770067483957
88433	-17.43608140789541
88477	-17.43718338246562
88575	-17.438676293645855
88707	-17.439855568582527
88770	-17.447949800376545
88771	-17.4497910152103
88869	-17.450910672685925
88881	-17.451937702182146
89001	-17.453232074807055
89133	-17.454236240235836
89199	-17.45524008691873
89427	-17.45628118234051
89524	-17.458281131020335
89613	-17.459487767183784
89721	-17.46063362728913
89722	-17.461975478682323
89787	-17.463155318264928
89820	-17.46427685086495
89949	-17.465890071739643
89950	-17.467135482199343
90049	-17.468958004466423
90147	-17.47005737026213
90180	-17.471095331273297
90213	-17.472719156093376
90281	-17.474118760347046
90378	-17.475950287202092
90465	-17.476976144145368
90509	-17.479156627616817
90693	-17.48017371250688
90835	-17.482477421741017
90934	-17.483478213413967
90966	-17.484669166216232
91055	-17.48606079517731
91065	-17.487454389186613
91204	-17.489730376357702
91556	-17.49130557937351
91566	-17.492784640131
91653	-17.493854011999783
91663	-17.496938430015362
91730	-17.499010589897953
91731	-17.5004195427581
91828	-17.50148671964614
91926	-17.503273145352583
91959	-17.50494688413718
91982	-17.50613046967787
92015	-17.5074240432003
92102	-17.508505053703672
92157	-17.51013710469181
92245	-17.511278656050155
92421	-17.512776352070702
92520	-17.51444704810521
92620	-17.515739297515914
92785	-17.516774256328016
92884	-17.5181759360729
93170	-17.519391352316138
93247	-17.520605804893197
93345	-17.52170751481047
93432	-17.52280044087757
93444	-17.524114514401848
93575	-17.525155116724957
93607	-17.5280737166433
93619	-17.52936117112165
93738	-17.530563935995897
93935	-17.531612469770824
93957	-17.532669896357703
94034	-17.5337675891612
94066	-17.535759824078028
94067	-17.537274908296247
94220	-17.538301079397954
94264	-17.53941845679521
94386	-17.540426732521762
94461	-17.54429261276893
94462	-17.545634363284815
94527	-17.54737012407948
94616	-17.548822001137427
94692	-17.55079345161292
94789	-17.551928314957554
94790	-17.552989670558297
94920	-17.55528378261909
94954	-17.55700074943965
95021	-17.558634304728184
95118	-17.560160421612558
95379	-17.561217274742475
95380	-17.563110277233207
95512	-17.565254734352163
95699	-17.566730882168493
95711	-17.56869037570022
95744	-17.569948937780413
95807	-17.571860199706254
95808	-17.573165541552427
95840	-17.57507077224318
95841	-17.576960236159742
95939	-17.579458500705268
96136	-17.58062116186406
96290	-17.58208622085466
96396	-17.584257183928514
96506	-17.58525733647887
96660	-17.586594979379626
96694	-17.58775770546522
96750	-17.58925692275346
96826	-17.59055194213484
96958	-17.591581734076364
97024	-17.593733538283384
97081	-17.594840096452028
97191	-17.595936808388977
97290	-17.598717510733756
97456	-17.600679640588346
97588	-17.60184372457845
97751	-17.602852340767445
97916	-17.604441609727857
98114	-17.605621298789067
98168	-17.6067780821418
98212	-17.608771110399893
98245	-17.610684606733805
98342	-17.617672237182767
98353	-17.618727407218273
98529	-17.619727673065217
98605	-17.621322108396583
98638	-17.622575866575676
98670	-17.62382705916163
98756	-17.624879808926575
98866	-17.62609099918353
98995	-17.627805866922028
99061	-17.628834451775255
99114	-17.629872415008194
99191	-17.638816482010302
99192	-17.64012773966399
99257	-17.64177563500715
99289	-17.64326924923583
99421	-17.64509057982607
99484	-17.64610562048971
99614	-17.647930232648303
99680	-17.648966650012042
99812	-17.6500610910878
100108	-17.652551472453574
100240	-17.65405781869821
100295	-17.655951868136288
100427	-17.657514879170385
100505	-17.65864558761643
100537	-17.661714496381762
100538	-17.663008005010113
100570	-17.666330604998265
100571	-17.668213080328385
100603	-17.673259909801494
100604	-17.674669573742595
100636	-17.675676940027948
100669	-17.677752562277252
100834	-17.678756659996246
100966	-17.680293384874247
101055	-17.68139828457899
101163	-17.68318313877473
101196	-17.68540570231745
101349	-17.686547143462608
101459	-17.687600466648693
101558	-17.689118829110814
101613	-17.690406824623103
101754	-17.693873346154472
101755	-17.695614386692156
101986	-17.69667066643618
102019	-17.699350799292784
102184	-17.70074619804658
102349	-17.702493146777165
102514	-17.703765644728207
102580	-17.704977953092055
102646	-17.706654344584766
102812	-17.707749894426843
102878	-17.708792209161135
103075	-17.714601126075394
103087	-17.715622616550345
103240	-17.716705564945382
103339	-17.718133474342398
103360	-17.71918504900929
103435	-17.720259462164652
103489	-17.7213998014568
103564	-17.723488768888664
103574	-17.725638992025658
103629	-17.726970547566392
103725	-17.72807749513583
103823	-17.729245883517862
103843	-17.73074942260962
103876	-17.731857656108197
103918	-17.73699284374712
103919	-17.7381039050604
104006	-17.739404078253745
104150	-17.74094034161743
104249	-17.741974457035624
104347	-17.743585660288776
104456	-17.74483116626351
104675	-17.74586659805362
104850	-17.747443140661357
105036	-17.751655709572216
105048	-17.75266000473019
105136	-17.754342021417564
105169	-17.755724801235907
105279	-17.75750634904597
105367	-17.758939972518192
105411	-17.761249238153916
105499	-17.76231611962405
105565	-17.76336375227586
105631	-17.764604298806358
105740	-17.765610603157715
105838	-17.76667373191772
105904	-17.76813248413257
106090	-17.769572750537016
106101	-17.771167599108107
106102	-17.77253646486133
106156	-17.77354570983811
106299	-17.774867673002337
106452	-17.77589494570283
106494	-17.777756041593886
106495	-17.7792800035921
106528	-17.781025505268897
106648	-17.78206229040685
106681	-17.78314227604929
106779	-17.784320553640033
106824	-17.78538271568014
106923	-17.786382836076534
106977	-17.78785596854275
107053	-17.789088282682727
107151	-17.790255485261124
107272	-17.791713260952136
107405	-17.792890359058806
107548	-17.793957133987565
107647	-17.79562028103789
107680	-17.79704255681799
107779	-17.798151185303233
107811	-17.80679064555678
107843	-17.810214579923095
107844	-17.811360951128506
107965	-17.81242470806165
108010	-17.81415027960317
108098	-17.815191490464866
108130	-17.81622623528015
108240	-17.81723091470182
108306	-17.818552553530644
108371	-17.820897672137363
108457	-17.822349682877164
108468	-17.823659800454458
108533	-17.82483184227877
108589	-17.825856043195706
108665	-17.827106589725595
108688	-17.828140504959702
108729	-17.829479696146567
108826	-17.83080407977263
108859	-17.8323839126639
108891	-17.834328354523564
108990	-17.835673114427774
109022	-17.837235028403185
109044	-17.838564940952654
109089	-17.84005646219315
109159	-17.841225649540497
109257	-17.842315336586246
109323	-17.843632600877722
109355	-17.84540675234455
109389	-17.84681296687891
109486	-17.848958177642235
109509	-17.8500427263303
109586	-17.85109117297125
109684	-17.852217909979334
109771	-17.853601351509752
109817	-17.85460178985754
109915	-17.85561985990508
110080	-17.85662212931712
110145	-17.858473059039323
110211	-17.859776989483578
110265	-17.861369026433593
110342	-17.863144547704948
110441	-17.864284659524618
110539	-17.86543792516381
110594	-17.867443578908567
110639	-17.86933770101625
110793	-17.87039305684337
110903	-17.871401834892723
110955	-17.872481690948646
110956	-17.873646435829308
110967	-17.874866885871334
111001	-17.875884708112025
111067	-17.876911641920803
111197	-17.87818874446118
111198	-17.87937343107678
111231	-17.88115339170801
111299	-17.882306885739702
111332	-17.883743485639812
111419	-17.885316636892686
111596	-17.886622781060172
111694	-17.887780415504167
111825	-17.89301367999046
111826	-17.89413253912538
111891	-17.89557722811799
111988	-17.89745649769565
112009	-17.89973157464401
112087	-17.900736242311034
112273	-17.90214210389273
112285	-17.903440619382273
112349	-17.904826111502604
112350	-17.906036598854406
112414	-17.9115031522621
112447	-17.91262986731377
112469	-17.91366981068598
112677	-17.91537354552053
112678	-17.91663394466551
112711	-17.918773767405717
112811	-17.919975904933402
112844	-17.92121386036302
112898	-17.922316511977172
113007	-17.92355454043882
113038	-17.929164089540098
113104	-17.931401512479727
113158	-17.932406265338233
113267	-17.934665152926247
113323	-17.935948558762522
113399	-17.937281355383856
113431	-17.938341245400853
113463	-17.939673902005342
113530	-17.941084670370255
113561	-17.943675089724316
113649	-17.94509061648047
113725	-17.946772249713923
113726	-17.947968769006653
113792	-17.94906121464957
113880	-17.950074905684335
113923	-17.951853595357708
114043	-17.952879404359496
114055	-17.954857643313634
114056	-17.956320597150732
114221	-17.957474921153647
114451	-17.958765712523363
114616	-17.959773639789724
114682	-17.960894168329357
114779	-17.962093792311205
114780	-17.96372026191456
114944	-17.96564176854616
114955	-17.966646077062933
115097	-17.968379732419343
115098	-17.969604083603464
115207	-17.971085358312276
115228	-17.97270894691836
115272	-17.97375186663226
115305	-17.974830552091355
115370	-17.976794187685446
115565	-17.97824788618825
115566	-17.97958652224285
115663	-17.982087365792545
115685	-17.983602528611417
115795	-17.98471462191591
115849	-17.986786107357336
115861	-17.98834216990037
115960	-17.990668749496933
115993	-17.992588373075012
116026	-17.993688335559682
116059	-17.99496543391593
116180	-17.995973195564545
116356	-17.99705761119826
116444	-17.998984284443008
116511	-18.00010163435487
116588	-18.00171388117985
116742	-18.00341947994689
116787	-18.004430798411363
117017	-18.00573230394261
117018	-18.006856998681485
117040	-18.00832210407485
117050	-18.01301758190018
117051	-18.014042791867293
117150	-18.015424409842197
117183	-18.01683669094406
117286	-18.018006879299286
117318	-18.020915388317686
117319	-18.021947957310054
117417	-18.02296378847429
117418	-18.024216623458365
117483	-18.025288472738335
117484	-18.02666851507199
117616	-18.028514739254206
117680	-18.029907205981704
117703	-18.03140000212765
117715	-18.033160116758317
117786	-18.03451748491001
117822	-18.03669223704759
117823	-18.037858553880426
117854	-18.039600879403217
117886	-18.041119240361418
117896	-18.04891646650489
117953	-18.05102250241272
117954	-18.052750412270232
117991	-18.054638159501874
118002	-18.07326277247743
118023	-18.083649210368087
118034	-18.086797796990897
118092	-18.088204451108574
118102	-18.090215838284497
118167	-18.092944149535924
118168	-18.094206543306708
118178	-18.097984328027096
118210	-18.099947751576128
118266	-18.101180394186656
118275	-18.10378868756907
118366	-18.104982290558002
118399	-18.106198195672675
118430	-18.109963659182412
118431	-18.1111472874978
118496	-18.112381376499403
118537	-18.11357504914037
118591	-18.115329766995362
118678	-18.116363542055915
118689	-18.117441360588003
118721	-18.11882759695458
118785	-18.120908801364365
118986	-18.123281688688003
119116	-18.125901443169187
119213	-18.13192466436246
119214	-18.133638289978677
119312	-18.135973159975137
119313	-18.137133366304365
119466	-18.138216837505322
119541	-18.139567840893488
119606	-18.141377240213686
119669	-18.142910109890014
119670	-18.144038333777125
119743	-18.1451485696123
119766	-18.146355085558987
119797	-18.149714595370114
119798	-18.150779204370156
119862	-18.15181918205161
119983	-18.152833484706786
120025	-18.15469275741519
120026	-18.156154672167784
120124	-18.15725606569523
120157	-18.15843237010209
120244	-18.15949467006315
120276	-18.16049589823384
120287	-18.16212541999472
120352	-18.163209243551623
120549	-18.164607496046187
120580	-18.16622303680378
120581	-18.16733262572355
120635	-18.16842576166273
120745	-18.17106040775073
120778	-18.17644683725114
120779	-18.177527935777587
120877	-18.17934775827622
120931	-18.180483498678562
120941	-18.182273808087412
121041	-18.183800819542803
121193	-18.184876267704297
121236	-18.185944587277145
121344	-18.186988808178118
121367	-18.189152172850566
121465	-18.19188112746639
121528	-18.19333271175903
121529	-18.194696954442236
121660	-18.19577771019889
121825	-18.197078312378515
121890	-18.198294199339763
121953	-18.20910949643098
121955	-18.21011098995
122019	-18.211825083518058
122020	-18.213433168799178
122107	-18.214453261288888
122239	-18.215593772254923
122282	-18.21662161397924
122414	-18.217856670358135
122643	-18.21899751657801
122774	-18.220572120864034
122938	-18.222709717757528
123070	-18.22400618526378
123202	-18.225272709746125
123299	-18.226392209230074
123331	-18.227535121545266
123463	-18.228565240795447
123529	-18.229856623724885
123692	-18.231084349107025
123693	-18.232560249153202
123723	-18.234639833188545
123724	-18.23596331887386
123908	-18.236999639525976
124315	-18.238028250308933
124414	-18.23911106420254
124600	-18.24022976143204
124743	-18.241519278435277
124842	-18.242598693788945
124905	-18.24566905062144
124906	-18.246918361711746
125101	-18.248520944841392
125298	-18.24976865152833
125462	-18.250874480251454
125659	-18.252139289302452
125780	-18.25314235784941
125888	-18.25529617841755
125889	-18.25662566496047
125922	-18.257853419875776
126009	-18.25897560608648
126106	-18.259995403657907
126368	-18.26100467829897
126610	-18.262965314886152
126674	-18.264509324649957
126771	-18.266371455901716
126955	-18.267939034904273
127065	-18.2689664049397
127196	-18.270013831072596
127425	-18.27108065327838
127491	-18.272358262140994
127657	-18.273535866935823
127822	-18.274953521869733
127973	-18.27598940631563
128138	-18.277027045939857
128511	-18.27832853917593
128741	-18.27953735091946
128895	-18.28059121065535
129036	-18.282755857207103
129198	-18.28377247073151
129396	-18.285224898511295
129549	-18.286225598876527
129787	-18.287503523274204
129984	-18.28863676128858
130214	-18.29050044202484
130446	-18.291954747019325
130609	-18.293986459122635
130665	-18.295241123277638
130808	-18.296464677289666
130928	-18.297485700542726
131005	-18.29857178950878
131236	-18.29967418405408
131468	-18.301580382267623
131653	-18.302640302491483
131730	-18.303749815948695
131818	-18.304995154335018
131962	-18.306387630475214
132188	-18.307483692895588
132418	-18.30855972372803
132639	-18.30957137957491
132913	-18.310631034714635
133372	-18.311926940893883
133592	-18.31331830731405
133834	-18.314975693042886
134030	-18.316026050539858
134183	-18.317065288304942
134522	-18.318149859791628
134718	-18.319455631486314
134719	-18.320460140695545
135047	-18.32216726224116
135178	-18.323740054075234
135342	-18.32505430946256
135473	-18.326201130620824
135605	-18.327290907855737
135769	-18.32836019529694
135933	-18.329361942397714
136197	-18.330848078837352
136415	-18.331921326082586
136578	-18.33338076258441
136951	-18.3344769303648
137104	-18.335538991813262
137247	-18.33682279850527
137433	-18.33783771928314
137596	-18.338958596388792
137826	-18.340196255998467
137901	-18.3414559837143
138163	-18.342558125718874
138328	-18.343566933594655
138559	-18.344965079550203
138854	-18.34597481643515
139083	-18.34721690811456
139367	-18.34840974913861
139508	-18.34949498656029
139738	-18.35067399956886
139826	-18.351975601370004
140001	-18.35300627741793
140123	-18.35404675560844
140277	-18.3550574096971
140521	-18.356057871482655
140662	-18.357081938407987
140794	-18.35826919080917
141056	-18.359427772264244
141274	-18.360435008652367
141448	-18.36216267953885
141644	-18.363377362736376
141732	-18.364486516036003
141873	-18.366137149067292
141961	-18.36717632925345
142192	-18.36850080657879
142322	-18.369709185498802
142633	-18.37071256219293
142864	-18.371751293746375
142996	-18.373114397439785
143227	-18.374115192618586
143755	-18.375129350670797
143919	-18.376274134722554
144217	-18.377284581021165
144381	-18.378893761550767
144676	-18.379956036014395
144910	-18.38104893287398
145107	-18.382082449500093
145404	-18.38320969292484
145833	-18.384220007513637
146055	-18.38522028266666
146362	-18.38664336155129
146480	-18.387654608058657
146524	-18.388887745173356
146644	-18.390319155315673
146919	-18.391322212232552
147084	-18.39241978231224
147449	-18.393510368043692
147746	-18.394692078510772
147988	-18.395713273193078
148339	-18.396722129176098
148633	-18.397926717150078
148928	-18.3992223548901
149159	-18.400444052124122
149258	-18.40149744790404
149719	-18.402557780267287
149998	-18.403666225054536
150361	-18.404678417834532
150779	-18.40574250553486
150922	-18.40813355443386
151186	-18.409235729387355
151284	-18.410316616858903
151405	-18.411375584506025
151647	-18.412670967047383
151998	-18.413750052274725
152209	-18.414771503709336
152539	-18.41585474165883
152835	-18.418420397529616
152847	-18.419421915575963
153100	-18.42082817787326
153307	-18.4218604950095
153428	-18.422973217392805
153690	-18.42513568448857
153922	-18.426165213942163
153988	-18.427826632318336
154373	-18.42892115120306
154483	-18.430150588003162
154683	-18.431283685194472
154948	-18.43233095308061
155102	-18.433335996806523
155277	-18.434419763860234
155475	-18.435538333116067
155870	-18.436558602715593
156067	-18.438602417061606
156398	-18.439626668933993
156732	-18.44066674361071
157096	-18.441868142470163
157315	-18.442882659652714
157591	-18.445955240747523
157658	-18.446958223010082
157856	-18.44832549402964
158054	-18.449622597260237
158186	-18.450883949318815
158448	-18.4519983003617
158449	-18.45304661622535
158680	-18.454500346434287
158910	-18.455605860392325
159174	-18.45691712365936
159238	-18.458299726542133
159501	-18.459586154499693
159811	-18.460692444542378
159812	-18.461937023545463
159877	-18.465031345650715
159878	-18.466381838103615
159943	-18.467552322624254
160162	-18.468579408151875
160392	-18.469585621355424
160756	-18.470655583461777
160858	-18.471746153311493
161066	-18.472880130979622
161351	-18.47400686127413
161638	-18.475235449054185
161871	-18.47639055183399
162168	-18.477635225746727
162363	-18.479279380277823
162430	-18.48029146929942
162628	-18.48132871300612
162727	-18.482461764881037
162868	-18.483662780610747
162955	-18.48497684423173
163153	-18.486106475924366
163262	-18.48710708222399
163415	-18.488111612644236
163481	-18.489240783261305
163847	-18.490259387981517
163978	-18.491614146997417
164143	-18.4926971335474
164276	-18.49408474220939
164408	-18.49512736396413
164659	-18.496854701509008
164802	-18.497948431838974
165131	-18.499181656739008
165252	-18.500236115378232
165394	-18.502428141762742
165791	-18.503489955117903
165978	-18.504534675384967
166154	-18.505578296119403
166308	-18.506614830226493
166484	-18.50761530897762
166912	-18.508638415835165
167033	-18.509733719833257
167109	-18.512519764796235
167141	-18.513653508579075
167142	-18.51473139780495
167340	-18.515748829437104
167518	-18.517397334151937
167619	-18.518782415407085
167738	-18.519798721462884
167816	-18.52086695884375
167849	-18.522702102414527
168036	-18.5237414847135
168134	-18.524799676145186
168145	-18.52600761337303
168209	-18.529096821153416
168341	-18.53079985533729
168505	-18.53192065296277
168659	-18.532921540473392
168669	-18.535550715798784
168703	-18.537168333797467
168799	-18.538208861110725
168822	-18.53925589225125
169090	-18.540293483904318
169255	-18.54130741744325
169420	-18.542385632539677
169539	-18.543393505143374
169759	-18.54447771885128
169892	-18.545557657222457
169991	-18.547241202369225
170122	-18.548482871365305
170242	-18.549539709355575
170275	-18.55066088914631
170386	-18.552019068681016
170505	-18.553060210416866
170736	-18.554092165938016
171011	-18.555443512031953
171044	-18.556578558400112
171142	-18.558196234443813
171273	-18.559766278035713
171558	-18.560927778701984
171602	-18.56217522490447
171689	-18.563380414390824
171732	-18.564604485184084
171733	-18.565693844880286
172017	-18.56687883590275
172182	-18.567917381776006
172357	-18.569999944020243
172455	-18.571265517106422
172585	-18.57276726955904
172619	-18.573891252105863
172685	-18.57508545246839
172782	-18.576280407461397
172847	-18.578329176587904
172880	-18.579939012931764
172979	-18.581052869330687
173111	-18.58217350385318
173243	-18.58394830976269
173369	-18.58514964041606
173380	-18.58643963986974
173546	-18.587491780711435
173809	-18.58873044442797
174106	-18.590064683416347
174270	-18.59158654485114
174435	-18.59325073381153
174436	-18.59454977991108
174601	-18.595567324601255
174712	-18.596627905390196
174909	-18.59778388599152
174910	-18.599170116475985
174943	-18.600726956237718
175029	-18.602001610462995
175172	-18.604224776956613
175373	-18.605650383369955
175542	-18.60666268535493
175641	-18.607737347154767
175795	-18.608752063983797
175905	-18.6100971762367
176302	-18.61114007155527
176390	-18.612319188499047
176401	-18.613933663567646
176535	-18.61585956393589
176667	-18.617618142696184
176668	-18.618620569965312
176789	-18.619662372883816
176833	-18.621109260705932
176967	-18.622176921477195
177033	-18.62345193728032
177081	-18.686174776189905
183029	-18.68766102065042
183244	-18.688671718046123
183618	-18.689696665124995
183881	-18.690723320495458
184211	-18.691780235667967
184244	-18.693282972944424
184627	-18.694303126097534
184835	-18.69553565217154
185230	-18.697341445533567
185329	-18.6983654379674
185580	-18.699472876422263
185952	-18.701215105791768
186113	-18.702459955516193
186408	-18.703539242050937
186572	-18.70455814387564
186836	-18.705608909286735
187122	-18.70714784401906
187460	-18.70819054616008
187899	-18.709191916307866
188284	-18.710206958837542
188612	-18.71132922528035
189095	-18.712341854089683
189401	-18.71344015673788
189928	-18.714515582271094
190049	-18.71551593873897
190311	-18.716548437170996
190454	-18.717588166883235
190981	-18.718595445738863
191167	-18.719762228754337
191636	-18.720843674007938
191933	-18.721897274650466
192493	-18.72323211542631
192978	-18.724276401049643
193386	-18.725392429192894
193583	-18.726576967046714
194077	-18.728024567188946
194405	-18.729473080621375
194800	-18.730495958812146
195097	-18.73165478690074
195493	-18.732724378450246
195944	-18.733726562440573
196384	-18.734835112655446
196604	-18.735861199082454
197141	-18.736948574475214
197581	-18.737976513316504
198266	-18.739166423428838
198717	-18.740168513486676
198913	-18.741260171407887
199177	-18.742343414143182
199544	-18.743449126439835
199981	-18.744476071376738
200224	-18.745692925760633
200585	-18.746911561016145
201036	-18.747943107691057
201211	-18.74917356161607
201507	-18.750174620540655
202107	-18.751246387269887
202470	-18.75225596165515
203053	-18.753480218342258
203514	-18.754505516592303
203821	-18.755577818843634
204251	-18.756577948493213
204648	-18.757639623556194
204978	-18.758742566195995
205506	-18.759946793725486
205966	-18.761395376792795
206216	-18.76239732592208
206725	-18.763398639590054
207388	-18.764434225432655
207784	-18.76546186039019
208243	-18.7666877465949
208605	-18.768159368545252
208857	-18.769227725382567
209231	-18.770511124270218
209592	-18.771554726147716
210351	-18.773448239102265
210846	-18.774461417536244
211341	-18.775503777741875
211858	-18.776628385014696
212265	-18.778089311868673
212354	-18.779160128722864
212617	-18.780250961366438
213002	-18.78130064587936
213134	-18.78233519772151
213431	-18.783929477827378
213816	-18.785000544390567
213937	-18.78601766523445
214344	-18.787061315988804
214617	-18.788077123725667
215298	-18.789168094362225
215594	-18.790245370252656
216201	-18.79140703030733
216705	-18.792407063088373
216967	-18.793407858757327
217033	-18.794457935373813
217351	-18.795485022555354
217505	-18.796493087805217
217779	-18.79750807638366
217889	-18.798607861097107
218153	-18.79970430086445
218615	-18.800793884150117
218679	-18.802047224599
219241	-18.803805594560828
219307	-18.80605485476635
219668	-18.80706867549663
220064	-18.808101621296814
220459	-18.809202542076424
221055	-18.810267269444047
221506	-18.811354644422284
221736	-18.812360199268042
221869	-18.81337330682294
222046	-18.81440336790575
222277	-18.81544436734816
222412	-18.816451026730693
222610	-18.817542065618504
222873	-18.81894081764753
223327	-18.81995128727116
223491	-18.820980150076117
223755	-18.822071859939918
224052	-18.823075354690157
224095	-18.82418833031599
224656	-18.825210538753108
224820	-18.82721638993469
225151	-18.828223250550714
225536	-18.829268592712197
225745	-18.83041857612419
226383	-18.831440670123254
226561	-18.833591225608636
226595	-18.835151055885174
226880	-18.836373826397963
226982	-18.837487975620355
227157	-18.839010982294674
227287	-18.840584023737463
227299	-18.84159111110898
227485	-18.84311413907342
227584	-18.844171983451524
227617	-18.846111416600408
227650	-18.84779974634656
227782	-18.84881726215385
227947	-18.84984239268432
228111	-18.85268087716046
228145	-18.85415372156242
228309	-18.855177348402407
228672	-18.856738192333065
228967	-18.857914828609303
229231	-18.85922133988342
229433	-18.861362688626624
229598	-18.863230886300265
229795	-18.864260763747893
229861	-18.865765294629696
230190	-18.866815332846567
230476	-18.867935483594607
230585	-18.8700095143748
230716	-18.871041359706
231001	-18.872166942302684
231114	-18.87324237793282
231311	-18.874379101753213
231508	-18.875415390183786
231805	-18.876776626280456
231957	-18.877781208053793
232033	-18.87987852331913
232056	-18.88097232975372
232232	-18.882858497891647
232298	-18.885011243755088
232332	-18.886319614656923
232595	-18.887397892981564
232694	-18.88857175762193
232830	-18.88998344322067
233193	-18.890985532772447
233514	-18.89205447615098
233723	-18.893123034140103
233879	-18.89490984606729
234253	-18.895981741817216
234352	-18.89774892375077
234386	-18.899086155248842
234605	-18.90042611463393
234748	-18.90151566392634
235049	-18.902688743956727
235247	-18.90371966339404
235379	-18.904826621699204
235764	-18.906151974461586
235841	-18.90727360941777
236039	-18.908309549052923
236105	-18.90932707807421
236271	-18.91115292105229
236469	-18.912179695808337
236517	-19.062473965267273
287095	-19.063707473440438
287129	-19.06539009548051
287161	-19.066559236189075
287227	-19.06759772969858
287458	-19.068601522299076
287622	-19.07054256217729
287656	-19.07183392417613
287908	-19.072865472654605
288183	-19.074159434229404
288513	-19.075166203852415
288760	-19.076292341018018
288958	-19.07804751318684
289122	-19.07955067732617
289123	-19.080685524444785
289342	-19.08190504372781
289386	-19.082997196873023
289781	-19.084039067600774
290006	-19.085119688017578
290116	-19.086607058537275
290302	-19.087618128832126
290579	-19.088789122714104
290843	-19.089829725504394
291194	-19.09096974562055
291437	-19.092296812752842
291567	-19.095029257513495
291590	-19.09614071048727
291764	-19.09794920010672
291830	-19.099944601888062
291952	-19.101168479157472
292216	-19.102242403800066
292361	-19.103487500294463
292636	-19.104508345704307
293065	-19.10552288356899
293417	-19.10714053105791
293824	-19.10818814986369
293890	-19.109478677789355
293955	-19.110494732631306
294221	-19.11157982731585
294586	-19.11259091687311
294895	-19.113675930932015
295213	-19.11509321950329
295345	-19.116266013462685
295590	-19.1173160954877
295821	-19.118708683880993
296067	-19.259862217949728
350111	-19.26103559812832
350386	-19.26221346073863
350747	-19.263221848940397
351023	-19.26424398585218
351176	-19.26525298166801
351252	-19.267975221320082
351275	-19.2690339399477
351448	-19.271293877197632
351514	-19.272989023984138
351679	-19.274163753178836
351910	-19.275295854605233
352075	-19.276406084671557
352504	-19.27741823994161
352768	-19.278595622202527
353187	-19.27977538063998
353550	-19.2807754161574
353594	-19.282015476831752
353925	-19.28308203937225
354387	-19.284177989497547
354881	-19.28594921914395
355024	-19.287079929010954
355387	-19.288149426225974
355688	-19.289198824430592
355736	-19.42219132961482
410907	-19.42364024132429
411004	-19.424708594296987
411103	-19.426522561098256
411169	-19.427861032418935
411365	-19.42894828428369
411596	-19.430030950664985
411729	-19.43103274595537
412292	-19.43215256506686
412590	-19.433556309919872
412975	-19.434718726472045
413217	-19.43606426901651
413569	-19.437192630550577
414042	-19.43819817714117
414526	-19.439795424232283
414735	-19.44085605648843
415230	-19.442011861241742
415361	-19.443031564348676
415376	-19.572340030883637
470692	-19.573501649530115
470923	-19.574671523741184
471155	-19.57572011840725
471353	-19.57675963263103
471908	-19.577795137841893
472184	-19.578963234288324
472572	-19.580092005559838
472814	-19.581384207625206
473166	-19.582387216367344
473639	-19.583437797344985
474122	-19.58448129434318
474309	-19.58567245316387
474683	-19.586689493952218
474948	-19.588282730433022
474995	-19.711510682153616
531281	-19.71261995352495
531746	-19.713883881367533
532080	-19.714902043393394
532377	-19.716199316054915
532807	-19.71735652496615
533241	-19.718386968915784
533697	-19.71966572910778
534027	-19.72069147648274
534499	-19.72251120150191
534547	-19.83436616798363
591684	-19.835390071615336
591959	-19.836390746686355
592405	-19.83748269570987
592846	-19.838568777280457
593264	-19.83960713916199
593726	-19.84060858394371
594067	-19.84245800323289
594115	-19.939646570535857
651455	-19.940647753526665
652016	-19.94172029097532
652467	-19.942775141389713
653072	-19.943851402491575
653646	-19.945129273962632
653711	-19.946257432024886
653760	-20.030736349059513
711377	-20.03173840300317
712103	-20.032750172438465
712593	-20.033795466176972
713330	-20.03514734161749
713396	-20.036697199870584
713443	-20.110854358013768
771762	-20.111858705191818
772409	-20.11290604568273
773036	-20.113915499707993
773069	-20.115089282717882
773116	-20.181536032977604
832189	-20.182555965647413
832849	-20.184236255414877
832896	-20.2441680976405
892531	-20.245174970013235
892611	-20.30005738713448
952398	-20.350064247072094
1012206	-20.39480934431852
1072175	-20.434927687894234
1132062	-20.47115653268463
1191964	-20.504187014541273
1251923	-20.534550143236466
1311997	-20.56263307674751
1372088	-20.588727011705533
1432126	-20.613055002195086
1492065	-20.635790349152657
1552067	-20.657074890910632
1611970	-20.677033900899218
1672073	-20.69578571725881
1732057	-20.713444115445185
1792056	-20.730117523256013
1852067	-20.74590635204068
1912179	-20.76090097149763
1972157	-20.77518070006716
2032281	-20.788813642514143
2092363	-20.80185716071593
2152522	-20.81435889095557
2212680	-20.826357974981526
2272973	-20.837886518568734
2333255	-20.848970921900666
2393609	-20.85963333228998
2453809	-20.869892576670328
2514102	-20.879764925705565
2574335	-20.889264783719153
2634632	-20.89840510046077
2694937	-20.907197832840613
2755306	-20.915654420164973
2815716	-20.92378614754215
2875989	-20.931604398930553
2936416	-20.939120816534675
2996652	-20.946347288150903
3057048	-20.953295859711297
3117355	-20.95997846776748
3177741	-20.966406796703602
3238192	-20.972592087572284
3298577	-20.978545037395424
3359059	-20.984275683332488
3419405	-20.989793516549422
3479859	-20.99510752688034
3540498	-21.00022629110213
3601109	-21.005158021907565
3661695	-21.00991076485808
3722264	-21.01449236281823
3782914	-21.018910527358482
3843372	-21.023172826471928
3903994	-21.027286747711624
3964504	-21.031259573456968
4025107	-21.03509844062478
4085540	-21.038810290733693
4146191	-21.04240184526458
4206775	-21.04587955716222
4267478	-21.049249672665777
4328222	-21.05251815888326
4388988	-21.055690685489427
4449726	-21.058772733791024
4510430	-21.06176946092619
4571225	-21.064685824305542
4632037	-21.067526529476208
4692723	-21.070296048596617
4753542	-21.072998629643273
4814379	-21.07563830998098
4875194	-21.07821891640294
4936023	-21.080744049236074
4996926	-21.08321716197815
5057746	-21.085641421857442
5118667	-21.088019860800625
5179428	-21.090355297966045
5240047	-21.092650349882064
5300780	-21.094907428374537
