0	25.0
7	8.006237961434293
20	5.0507789615059355
33	0.7702576995143633
50	0.14110296004939316
66	-0.10966154747870563
83	-0.5459190023966072
99	-1.7736682408928302
111	-2.320342574756625
127	-2.4682315842164306
142	-2.500069591271121
200	-3.317188037737732
215	-3.331765169227364
221	-3.3544357126892135
227	-3.377502421489068
243	-4.1537316449865465
257	-4.5997161069590105
282	-4.659478463754559
307	-4.677490063119657
321	-5.8009014415116535
328	-5.898186285935206
335	-5.902381823063218
342	-5.946337239693307
366	-5.9512188367212175
373	-6.001970981313955
383	-6.152631074759752
397	-6.589153745298964
404	-6.592337893050233
411	-6.597992835459994
421	-7.332953962260395
430	-7.334815297196674
437	-7.47845988957012
444	-7.505928318539554
451	-7.5559260802058565
466	-7.605035286319181
473	-7.6788821868540245
488	-7.68404961969306
493	-7.780312588091497
500	-7.7828932526124
507	-7.7996419436563516
521	-7.800723789609853
529	-7.802055058526183
536	-7.913917855956206
560	-7.9556754227701125
601	-7.95924054223278
608	-8.151055389979991
657	-8.213094321710344
728	-8.21622393132196
735	-8.224514208221395
750	-8.23083545121281
757	-8.294279085351553
772	-8.300404615951294
779	-8.353318461223457
794	-8.356145017672407
801	-8.375592514083303
824	-8.384588265739705
841	-8.39494504683693
848	-8.409525795116632
871	-8.466095636915899
886	-8.473924629623744
893	-8.47798324151011
917	-8.544039044041423
932	-8.546621528499154
939	-8.581253687719466
970	-8.582554113419109
1035	-8.589517521697905
1085	-8.651181608067656
1138	-8.857496160535657
1162	-8.900260290748825
1186	-8.958084753975065
1262	-9.004892166889306
1278	-9.00616711784491
1285	-9.094805817891215
1306	-9.106483918584273
1329	-9.112629704788063
1355	-9.136579998604086
1380	-9.270567806464147
1402	-9.442147969230867
1429	-9.467544998527812
1470	-9.493526879603817
1477	-9.568922752651083
1501	-9.573316304201354
1526	-9.596448028929396
1552	-9.59910469782978
1574	-9.676313220786042
1589	-9.685331734724684
1596	-9.73728228629639
1611	-9.73846244089884
1618	-9.771559468285705
1633	-9.77495879589709
1640	-9.813535549257956
1662	-10.21906881145711
1684	-10.410041806023873
1698	-10.411382845120645
1705	-10.415486441164592
1728	-10.419480244562116
1743	-10.426464320899624
1750	-10.444672844894427
1790	-10.446134377567285
1797	-10.461557151406492
1820	-10.472194674156414
1870	-10.633559677832757
1895	-10.635132937713587
1916	-10.643766980182457
1923	-10.644871049174293
1937	-10.782415419523497
1950	-10.791273303738308
1952	-10.976379235659916
1968	-10.977853831514155
1975	-11.0507845100225
1990	-11.053680644941029
1997	-11.059392617226557
2019	-11.10153829673291
2044	-11.107695118213877
2059	-11.108955420537766
2066	-11.109998897820207
2091	-11.200862076128653
2114	-11.244335222496362
2130	-11.257643077091634
2137	-11.279562268277171
2160	-11.282859520264637
2209	-11.28400973748663
2224	-11.28568974572537
2231	-11.292402102580484
2246	-11.293871822699527
2295	-11.294934317837344
2303	-11.302316718893827
2336	-11.303419437783344
2343	-11.310346588116472
2349	-12.038061721771511
2356	-12.046741544771693
2371	-12.051355183482222
2404	-12.052779915145772
2419	-12.06412105666701
2441	-12.111216441315827
2456	-12.121086412569076
2463	-12.133811460317906
2486	-12.15349089901552
2511	-12.18710505669605
2534	-12.219468534006229
2574	-12.221144632478
2607	-12.222564672892995
2632	-12.236387584821223
2647	-12.23765400223243
2654	-12.275156239863813
2679	-12.276805885142528
2702	-12.278638180876184
2733	-12.280082056638152
2749	-12.28132142820597
2766	-12.28347802850269
2773	-12.300156088783014
2815	-12.302137112109873
2822	-12.342557187789163
2845	-12.367920840835463
2867	-12.37498774625493
2882	-12.376464200331379
2889	-12.38677961500981
2912	-12.392514273367514
2935	-12.396582419866222
2961	-12.41081566393262
2979	-12.416458362086706
2986	-12.42104567139083
3001	-12.423355320386781
3023	-12.424928452642432
3030	-12.427197744733135
3045	-12.438745092776069
3069	-12.440569283504223
3076	-12.448398542389818
3099	-12.449928117655286
3115	-12.451019220118908
3122	-12.467493323102085
3138	-12.471497455170221
3145	-12.482997522362432
3224	-12.484979634607985
3247	-12.486693214091694
3271	-12.498628786901076
3295	-12.564830848130812
3310	-12.566962351921191
3317	-12.568103710399239
3363	-12.570520409706152
3388	-12.618578679712334
3436	-12.633972042044604
3459	-12.644655698312834
3482	-12.646017147315739
3533	-12.652413767863182
3574	-12.654625158195566
3581	-12.665604567007192
3596	-12.667490181615683
3620	-12.668968176368702
3627	-12.673985900809342
3651	-12.693004316780195
3675	-12.71840795071619
3699	-12.724320360774112
3729	-12.728041861778124
3754	-12.729495666197586
3777	-12.732013119290253
3846	-12.736826751464486
3853	-12.762522122429404
3876	-12.766429537725307
3900	-12.788598489178069
3933	-12.790196753633758
3940	-12.793728992874101
3947	-12.822870416768316
3999	-12.831576269737377
4023	-12.83345737518239
4047	-12.835000954040908
4070	-12.844393332635592
4110	-12.845909430184152
4119	-12.847001948399805
4127	-12.848060834806459
4164	-12.863686303583206
4213	-12.86941850283445
4240	-12.89138175134334
4263	-12.89815129835015
4311	-12.8991651256612
4370	-12.900409350741034
4377	-12.903627621761542
4384	-12.929933451367585
4407	-12.933296153729758
4430	-12.93659453727522
4445	-12.941050347408124
4471	-12.942569335897353
4501	-12.944729954862465
4549	-13.05578332454769
4597	-13.077499411443235
4621	-13.17220148781564
4638	-13.173340507028499
4645	-13.176493365040999
4668	-13.202193249104486
4685	-13.20355699188725
4718	-13.205215990717143
4742	-13.214879765339544
4767	-13.232601107787701
4814	-13.238265963888717
4862	-13.244670509489824
4885	-13.266159794653342
4937	-13.267223511936935
4981	-13.26915363605347
4988	-13.288662651102864
5011	-13.296898327412702
5035	-13.43039163367136
5084	-13.44285870895158
5161	-13.444632645510133
5184	-13.473998183371336
5207	-13.496092986114602
5231	-13.592137798021936
5254	-13.673339871148759
5278	-13.679437047404345
5303	-13.720346082945435
5327	-13.725404751560612
5350	-13.766788193331701
5367	-13.768198694734869
5399	-13.842731498401857
5422	-13.881785703352763
5446	-13.882848280255365
5462	-13.887214924399505
5469	-13.895010750516505
5492	-13.90924971197916
5517	-13.915662944548902
5593	-13.917974302840147
5623	-13.919047466658508
5638	-13.922927141707644
5663	-13.928941465332864
5687	-13.929978740385758
5757	-13.93111350904161
5813	-13.933182538773883
5890	-13.935358432375855
5922	-13.936597450073297
5991	-13.937843248061348
6034	-13.939888511753084
6041	-13.943720655992756
6067	-13.944865961516772
6090	-13.946707217715518
6116	-13.94871090140124
6141	-13.953806109395801
6272	-13.955231503238032
6322	-13.972045235485165
6346	-13.97313680634017
6369	-13.975960211078467
6393	-13.980073576992071
6416	-13.992958354746397
6440	-14.00046837818222
6488	-14.002277837531844
6504	-14.003410113902662
6511	-14.00657774597365
6554	-14.007611705685523
6561	-14.00890306086721
6585	-14.01126067245518
6653	-14.01423654041808
6660	-14.02372815745528
6683	-14.032818670035166
6733	-14.035518705220824
6809	-14.044075341610073
6832	-14.045178773612756
6907	-14.047327713150697
6957	-14.04846180721107
7009	-14.050028480275017
7060	-14.053805618355392
7128	-14.056544831929063
7151	-14.057701072265381
7158	-14.06066308141486
7183	-14.061825622377087
7206	-14.062848702827182
7280	-14.064549790391501
7331	-14.065983645442882
7373	-14.06769178755885
7380	-14.070992555664041
7430	-14.084654556335167
7560	-14.085719313856448
7601	-14.086911514747184
7608	-14.088917025174293
7631	-14.09353351807521
7654	-14.094995526106189
7662	-14.096020202009614
7703	-14.134801093936899
7742	-14.135882171104901
7777	-14.143835547704766
7816	-14.145147547384225
7848	-14.146301600408174
7871	-14.148201753862057
7903	-14.149643836332121
7975	-14.151501268890103
8026	-14.152596989964698
8059	-14.15394534207414
8149	-14.1582051757623
8172	-14.159860524873736
8226	-14.16330691530806
8266	-14.164421885769162
8274	-14.165464964384324
8341	-14.166479652851498
8348	-14.174239463341173
8425	-14.175843320769062
8466	-14.176870841973585
8473	-14.195778978498602
8497	-14.197280229053808
8545	-14.19903340810489
8569	-14.211901596673025
8644	-14.212988611359835
8669	-14.21561322247803
8694	-14.245760354697776
8773	-14.252337339578082
8797	-14.262639446675635
8820	-14.309673146281288
8869	-14.313613961320895
8893	-14.324584047730792
8910	-14.333057483270549
8939	-14.341926660228458
8963	-14.38160086179209
8985	-14.382604192642793
9062	-14.390352185521065
9112	-14.392125971787745
9162	-14.39331310202703
9212	-14.394504847025338
9262	-14.396258129316116
9378	-14.400105471884306
9385	-14.408975437389383
9458	-14.422790344942081
9534	-14.431564919372494
9559	-14.432588989745401
9610	-14.43420713955543
9680	-14.435223656839694
9765	-14.437056122513605
9840	-14.439187551258039
9891	-14.440367577417481
9914	-14.44352550190525
9988	-14.445095832634518
10038	-14.447005090081566
10134	-14.451473130621887
10217	-14.453057646037395
10261	-14.45415283690034
10294	-14.456702445253569
10347	-14.458688620786813
10372	-14.461301923142447
10424	-14.462580795818388
10521	-14.465057223703768
10570	-14.466505424700198
10577	-14.46923548058191
10653	-14.471104546745007
10725	-14.47571093844826
10758	-14.477221539747195
10784	-14.489125507630193
10807	-14.490605375833347
10856	-14.492254853306372
10958	-14.494111628555354
11012	-14.495374199281143
11047	-14.497781242430847
11098	-14.498969261729231
11201	-14.500961293913138
11225	-14.504104822341443
11249	-14.510085993695995
11298	-14.511797070992307
11340	-14.512856152874123
11442	-14.513999084822675
11475	-14.51584259788177
11552	-14.51702501056425
11578	-14.518134654054768
11654	-14.519742937491689
11709	-14.520973348381903
11757	-14.522117115004459
11807	-14.524851287322983
11856	-14.527173768002477
11898	-14.528209651211059
11930	-14.532897635504977
11993	-14.533920864386392
12052	-14.5353838343735
12076	-14.537380651247485
12126	-14.538457572537244
12192	-14.539458864011499
12223	-14.544309680693269
12274	-14.549330999965218
12323	-14.550787359167842
12399	-14.553235242427565
12452	-14.566182606445816
12477	-14.571296659668404
12574	-14.57234825171113
12599	-14.57593536172341
12648	-14.577929421876267
12700	-14.583217634896146
12726	-14.584225420031533
12770	-14.585230587145563
12801	-14.586880630306693
12875	-14.589339631297516
12926	-14.590718294249319
13001	-14.592951892094785
13028	-14.594818434259055
13130	-14.600710470550014
13153	-14.603381570160044
13232	-14.604638274916514
13247	-14.606578811402926
13296	-14.607700203479483
13459	-14.608764228168512
13526	-14.61014318601224
13663	-14.611513247614733
13705	-14.612612386057094
13737	-14.614326049582072
13809	-14.615625244418746
13886	-14.61772453553522
13910	-14.619107449093253
13935	-14.620619234070066
13988	-14.621719992542321
14089	-14.622746106890983
14143	-14.624189234376514
14235	-14.625205310221645
14292	-14.627054547581679
14361	-14.629189960531146
14368	-14.630811474186299
14376	-14.63192077044624
14391	-14.633953396340184
14443	-14.635003173594912
14466	-14.64133236935915
14515	-14.642707073582393
14592	-14.644583315840793
14686	-14.647287532414422
14764	-14.648385991346142
14867	-14.650047231450886
14918	-14.651077406106408
14969	-14.659205344064544
15018	-14.66042736512888
15087	-14.661460407231685
15096	-14.662600164549005
15173	-14.663649377774185
15269	-14.665106677322322
15319	-14.666233852417738
15326	-14.667769205665042
15375	-14.668969159191901
15451	-14.670378394187406
15546	-14.672230534005923
15603	-14.674679539851876
15678	-14.675882306142256
15752	-14.676944900476652
15794	-14.678019201669327
15845	-14.67909288805392
15852	-14.684743136249354
15877	-14.686544952331007
15981	-14.69662101209233
16027	-14.707945274222665
16102	-14.72044041593522
16128	-14.723319463059946
16195	-14.724770607106144
16233	-14.725800415257337
16249	-14.740078659607805
16345	-14.7411158862489
16377	-14.742289465524792
16463	-14.743509116483994
16554	-14.744758732092242
16631	-14.745783539842316
16655	-14.746982425940889
16672	-14.748621711913469
16755	-14.752902632587706
16778	-14.756210947561781
16856	-14.757531841774842
16914	-14.759043080442137
16976	-14.760249839154879
17008	-14.761354361061088
17197	-14.7626236150569
17220	-14.764671644429434
17367	-14.765694906843427
17393	-14.766701887258439
17441	-14.76821246152228
17525	-14.76979565322771
17552	-14.771249934755758
17602	-14.772368522970655
17703	-14.773417213224189
17806	-14.774492680038374
17822	-14.776340060181985
17853	-14.778558291417555
17878	-14.779724165225296
17928	-14.781010743153837
18031	-14.784028470134905
18072	-14.785054964450728
18182	-14.786113738701847
18241	-14.787296632507484
18340	-14.791931613306428
18490	-14.793098442716028
18497	-14.800218953032736
18546	-14.802116646475229
18646	-14.80354925478916
18824	-14.80479241631643
18970	-14.805965709711595
19055	-14.807010876383748
19158	-14.808519756914349
19200	-14.811080522934693
19235	-14.812160176507865
19278	-14.813575251277214
19301	-14.81458501074328
19438	-14.815738272912622
19557	-14.816853430366365
19589	-14.820992429979784
19694	-14.822080123201268
19774	-14.826064211813492
19800	-14.829900753228339
19843	-14.830905985046561
19927	-14.832574024247206
19976	-14.834224219716514
20027	-14.835586363297152
20051	-14.837920471370428
20181	-14.839161917692683
20204	-14.841643393555342
20315	-14.842772575534218
20355	-14.844919948461262
20458	-14.846171869141932
20535	-14.847884534784958
20586	-14.849558862833748
20668	-14.850835359553383
20789	-14.851957693384369
20882	-14.852976550302431
21021	-14.854028762502589
21053	-14.855586689078377
21112	-14.856630445212772
21225	-14.857841806015958
21275	-14.859371490164161
21474	-14.860382398431073
21508	-14.861519776004906
21610	-14.862920850228244
21706	-14.864186861986608
21723	-14.86614111783566
21764	-14.86721955000707
21814	-14.868793479525594
21996	-14.870031069468137
22021	-14.871413410172009
22181	-14.872977092497162
22204	-14.874627588695441
22335	-14.87618798962249
22384	-14.877337456621026
22539	-14.87837253375672
22668	-14.87945894704759
22777	-14.880726524852374
22827	-14.882040527740715
22895	-14.884077673971916
22954	-14.885115366089012
23071	-14.886381867736857
23207	-14.893900365712408
23331	-14.900975819019845
23377	-14.906414016245709
23454	-14.916251024951373
23479	-14.917899139116887
23546	-14.918948571574985
23603	-14.925883528352019
23679	-14.926978543724227
23732	-14.93029310207975
23807	-14.931497350672439
23938	-14.93280913837868
23998	-14.93388839185068
24037	-14.93528861029045
24113	-14.937594587352947
24244	-14.938721898803813
24319	-14.939894097251528
24343	-14.941158659696754
24422	-14.942302283746235
24498	-14.943363308141377
24576	-14.944744262016851
24720	-14.946250971430706
24744	-14.947673647553739
24821	-14.94873404740663
24934	-14.94987613600658
24983	-14.95089224279243
25035	-14.95215685774215
25180	-14.954532249557827
25231	-14.955605682904272
25385	-14.957070484902937
25401	-14.958197813035563
25574	-14.95920083660919
25674	-14.960247302868915
25706	-14.962665786906978
25868	-14.971070342773167
26027	-14.97210025790154
26308	-14.973273542070569
26473	-14.974299373293253
26549	-14.975409865391601
26589	-14.977845966514398
26679	-14.978888913830287
26825	-14.98019345015316
26926	-14.981391958240188
26990	-14.982402951089622
27151	-14.987530522174248
27177	-14.989732579603563
27226	-14.99089745852454
27357	-14.991959774483142
27406	-14.99366840811395
27430	-14.995195037932401
27562	-14.996213020898951
27586	-14.997706892412188
27679	-14.998709104413368
27739	-15.001766599871349
27895	-15.002787343909333
27964	-15.003867794237829
28061	-15.004932276071946
28177	-15.0060812684811
28400	-15.00724225956819
28444	-15.008584727963369
28467	-15.009648278649921
28502	-15.01098797566246
28661	-15.011999296462909
28713	-15.013456478438654
28913	-15.016765312524935
29096	-15.018326636812922
29122	-15.019480100547062
29183	-15.020575701183137
29321	-15.021936902459933
29440	-15.02390517679308
29601	-15.025013876956598
29749	-15.02604306731584
30045	-15.0271779044975
30186	-15.028368519532025
30337	-15.030147613301557
30422	-15.031303526910408
30549	-15.032785316610981
30625	-15.034263888276136
30649	-15.038944070625744
30697	-15.040059266586182
30771	-15.04342256508447
30818	-15.045888894027094
30894	-15.054637210683175
30919	-15.056207937664906
31023	-15.057272139075135
31047	-15.060700176342202
31150	-15.06237191778903
31221	-15.063578231895313
31275	-15.064607931241902
31355	-15.065734882652594
31425	-15.066771542716458
31481	-15.068958339314415
31558	-15.075477411590013
31635	-15.076567265341428
31788	-15.07759031480914
31902	-15.078602075740587
32028	-15.081258285167142
32173	-15.08388121039859
32231	-15.084921252549185
32307	-15.085953440648252
32385	-15.087015460142682
32490	-15.089310044996678
32635	-15.090941201095292
32747	-15.092028689082808
32937	-15.09303595296358
33122	-15.094627932999419
33175	-15.096407611386068
33337	-15.099789907451916
33574	-15.101283948680583
33915	-15.102456891789295
34046	-15.103491093761592
34078	-15.104569352095119
34244	-15.10561137782757
34349	-15.107022334247638
34450	-15.108027719398399
34633	-15.111629243908272
34658	-15.11267102041828
34840	-15.113686658011037
34891	-15.114846840370967
35078	-15.116157211515501
35190	-15.117413160499867
35232	-15.119303593652013
35467	-15.120357627404676
35672	-15.121378574479857
35949	-15.123574138129854
35972	-15.124627539518329
36005	-15.125697768303091
36220	-15.126742959790741
36425	-15.129459828727793
36609	-15.13089713401548
36644	-15.132387622285627
36835	-15.133395506283936
36928	-15.134401990354537
37108	-15.135566482408665
37373	-15.136726532389337
37692	-15.13776680676168
37831	-15.138835507808377
38029	-15.139884722956038
38125	-15.140907586786678
38156	-15.145229916154756
38282	-15.148693750605139
38330	-15.151473988668576
38406	-15.156720509782321
38432	-15.157866047429195
38556	-15.160185560343807
38686	-15.162497864166896
38755	-15.163615210259495
38836	-15.16461793327071
38979	-15.16579168311787
39056	-15.16682409229813
39080	-15.170439536866548
39129	-15.17150334720952
39392	-15.172603299194842
39550	-15.174107650567802
39699	-15.17600655092499
39722	-15.17712385075877
39838	-15.178128995756147
40024	-15.181261970037228
40169	-15.183815523519208
40271	-15.184818486064973
40370	-15.185969788972404
40655	-15.187178251717398
40735	-15.188264978491416
40867	-15.190556905491643
41104	-15.191589232581086
41442	-15.192618861901918
41581	-15.193690641772749
41870	-15.195081436396585
42049	-15.196093088346833
42179	-15.197908574622897
42231	-15.199016847354224
42388	-15.200674257096095
42468	-15.20171888441531
42729	-15.203348766070626
42789	-15.204818374605766
43025	-15.205894566053571
43264	-15.206974420180153
43417	-15.207993542717746
43510	-15.209291876900513
43740	-15.21075937753697
43973	-15.212421201880074
44157	-15.213527167087761
44510	-15.215104649535071
44913	-15.21636836465462
45180	-15.217647491071641
45341	-15.21868032324257
45620	-15.219702991634259
45764	-15.31897927817077
45776	-15.416543865462542
45794	-15.422469743189344
45801	-15.466370941948416
45813	-15.470190220718095
45820	-15.499479901850224
45835	-15.502279480679798
45842	-15.508323015311001
45849	-15.538176631219274
45856	-15.544498381727731
45863	-15.546599926068016
45883	-15.550294918772874
45895	-15.616722721627553
45902	-15.659537774440986
45933	-15.66882447018332
45940	-15.67192033708102
45968	-15.674765153192077
45980	-15.693920808391706
46001	-15.739561423581147
46098	-15.743672779746431
46106	-15.744802844150955
46118	-15.819022510796069
46125	-15.821195370424523
46165	-15.822917056702993
46188	-15.859962037412345
46195	-15.861215576867195
46202	-15.8644257047682
46226	-15.874798182128012
46233	-15.875903100577265
46257	-15.877496946329765
46307	-15.895823992932094
46321	-15.901622933867358
46328	-15.916452067497449
46370	-15.91775434236668
46377	-15.919918767353108
46384	-15.922142600920314
46398	-15.952349545001796
46413	-15.955060695226514
46420	-15.993014501300186
46428	-15.994089345846165
46484	-15.995700533931666
46491	-15.999794900257747
46507	-16.001769738824105
46533	-16.002857250669045
46540	-16.02761793422515
46584	-16.02917882938519
46608	-16.032204035903415
46639	-16.069686978665786
46646	-16.071836306090784
46653	-16.075597498162434
46686	-16.076935928159653
46727	-16.078074048928087
46734	-16.085672964492566
46748	-16.090715370311916
46755	-16.116037590370613
46771	-16.117445914324126
46802	-16.11913443369457
46826	-16.125062467403616
46841	-16.12634011482749
46858	-16.128214192169995
46875	-16.130439512250906
46950	-16.13361680887553
46967	-16.135851097717687
46983	-16.13735373786725
47027	-16.153760527874645
47042	-16.15581520300115
47057	-16.15692766591834
47072	-16.158318836206195
47104	-16.16025601805787
47119	-16.166765464299466
47134	-16.16788697449656
47142	-16.17393145569296
47164	-16.187757977736453
47179	-16.19277104469162
47204	-16.193775430663475
47229	-16.194793021386303
47236	-16.203426507144226
47252	-16.205999400648835
47259	-16.21048798604388
47266	-16.21244949737456
47330	-16.216918904381995
47345	-16.22889935458707
47352	-16.231325688580867
47375	-16.245099098207703
47398	-16.30240758198276
47440	-16.30365975753874
47447	-16.380319176335195
47463	-16.38586173848647
47470	-16.388054844166856
47492	-16.39193108553735
47507	-16.397735345090137
47514	-16.401278545204637
47537	-16.402387201123652
47544	-16.405281961492868
47559	-16.473193353560312
47581	-16.478255240238965
47596	-16.479755984338524
47620	-16.481098277984746
47653	-16.488719008470834
47668	-16.491364889489386
47675	-16.494896252771788
47697	-16.49633693228058
47763	-16.499996559888885
47770	-16.505666473674705
47785	-16.522359820471138
47792	-16.547216650408593
47848	-16.54842066316875
47865	-16.549777231321375
47889	-16.5517636471016
47913	-16.563865172476042
47929	-16.565640467016205
47936	-16.570300906261803
47979	-16.572169332615193
47986	-16.57547154164771
48010	-16.576726153353388
48027	-16.581224942915586
48034	-16.585344981149696
48049	-16.586746636192544
48081	-16.587871021211885
48099	-16.593485055877604
48106	-16.600294441458676
48122	-16.601551013954605
48129	-16.607365999563065
48207	-16.608863454570937
48255	-16.610083589947838
48279	-16.61257642923338
48294	-16.616157040096677
48310	-16.617302828160124
48325	-16.621004477804334
48365	-16.624347362334433
48389	-16.625492855403337
48423	-16.62672859088743
48445	-16.6471066963923
48478	-16.64828204282781
48494	-16.649519282159453
48520	-16.657179873734208
48562	-16.665042999444317
48570	-16.66606665107417
48594	-16.66724240434704
48619	-16.66872065352189
48719	-16.66976437821377
48743	-16.689704967276636
48794	-16.691016289602004
48833	-16.69225493326945
48865	-16.69486092811752
48890	-16.706072831233616
48914	-16.707228670100168
48930	-16.7084596387893
48962	-16.711230977296733
48977	-16.731434210477083
48984	-16.751841441112322
49007	-16.75310383421208
49076	-16.75411021204563
49083	-16.76638191523927
49182	-16.768155209744894
49213	-16.774539571650326
49237	-16.7852290669891
49268	-16.78625955433871
49285	-16.7874740857027
49326	-16.78906032894936
49358	-16.791946431381906
49383	-16.79343430633139
49418	-16.79453679120229
49425	-16.796779261317774
49441	-16.797869510683118
49529	-16.810296779317024
49552	-16.811313237054016
49553	-16.812349481567768
49560	-16.814220880498628
49586	-16.815638290516326
49638	-16.817522528317795
49691	-16.82275702800219
49723	-16.824434756854505
49738	-16.826572096901163
49788	-16.827743665407
49811	-16.83835562137486
49825	-16.83964324321878
49834	-16.840679231988204
49857	-16.855902525555624
49872	-16.86381681642492
49879	-16.86672236923473
49930	-16.86773353285105
49999	-16.869009725884776
50057	-16.87143482377467
50108	-16.872566551375797
50182	-16.8819201379803
50209	-16.883062987770984
50234	-16.884380925948626
50264	-16.885471084481967
50307	-16.887860912933295
50324	-16.890437928188547
50331	-16.894113550611973
50346	-16.898254604829166
50353	-16.89940801152623
50376	-16.900735803867285
50429	-16.90250156511462
50471	-16.90543288965542
50505	-16.906490905788626
50582	-16.910449131659615
50657	-16.91153839809516
50705	-16.916823598741388
50769	-16.92014902556505
50776	-16.931536130239962
50801	-16.933343613175968
50856	-16.936502520528766
50881	-16.946281866363883
50907	-16.947296489174462
50931	-16.951961243953296
50993	-16.953272057882053
51008	-16.972115514048014
51055	-16.974122123975047
51079	-16.975146184576175
51102	-16.98490537196146
51126	-16.986847674916948
51141	-16.99020995630651
51148	-16.998828995159723
51171	-17.001554994779507
51203	-17.00257807011659
51218	-17.004748106910814
51241	-17.00982979432387
51265	-17.020923890685182
51313	-17.02243068227162
51345	-17.02357375437067
51386	-17.024928400895334
51420	-17.026074698394307
51459	-17.038081120437162
51483	-17.03914916176607
51506	-17.0406666440024
51522	-17.04176473706195
51554	-17.043710959742434
51577	-17.04640332373534
51626	-17.047775138507912
51653	-17.049518588986754
51676	-17.05078028074365
51756	-17.052744497266744
51780	-17.053836015078378
51832	-17.0577635978336
51883	-17.066563065562768
51925	-17.068549577294817
51932	-17.07485275631467
51956	-17.076763108835376
51979	-17.079920658755608
52029	-17.086388225564022
52096	-17.088004162879148
52119	-17.090411047380087
52135	-17.09183276477124
52176	-17.09339671877051
52226	-17.095005396021012
52234	-17.096373208042237
52304	-17.097540066332787
52352	-17.09857379200465
52376	-17.099806240152954
52402	-17.101061761922974
52453	-17.1026932840817
52487	-17.10378020137039
52519	-17.10536878616979
52536	-17.10728722625731
52570	-17.108349349192352
52657	-17.111087450809187
52680	-17.113360482142532
52705	-17.114666877717816
52749	-17.115710834891722
52757	-17.11749053388601
52783	-17.11868159885991
52825	-17.120645747768986
52832	-17.124392592316845
52856	-17.125713314481033
52906	-17.129239891579925
52922	-17.131543177117976
52929	-17.137424317349957
52955	-17.13849084251569
52999	-17.13966800381609
53104	-17.141097103271548
53126	-17.146061232555134
53150	-17.14721342948418
53157	-17.148655839500474
53207	-17.150202442636004
53231	-17.151689159433868
53338	-17.156068314292643
53361	-17.15904070439809
53377	-17.160674722324124
53393	-17.16199409978475
53435	-17.163339497631153
53511	-17.164720322542117
53554	-17.1661582352727
53587	-17.167159667682398
53612	-17.168666872519115
53717	-17.185091583315664
53740	-17.18932902153303
53792	-17.190564110297096
53816	-17.192494387897884
53874	-17.19367066992096
53890	-17.19483509068781
53931	-17.196158526276182
54014	-17.197280621007092
54022	-17.19900046490713
54037	-17.200855938854367
54061	-17.202175885905838
54121	-17.20368304799153
54195	-17.205360378525537
54301	-17.20657464620871
54327	-17.209481666562795
54353	-17.2105042968633
54376	-17.21205130111614
54424	-17.213332427041355
54474	-17.222391631361806
54489	-17.22460891199769
54505	-17.22613996676478
54569	-17.22714968994215
54592	-17.24363550831399
54639	-17.24689479171956
54729	-17.247936397482725
54736	-17.249313262951905
54760	-17.25840227008289
54811	-17.259699485090767
54837	-17.265692586283958
54862	-17.27054207638236
54909	-17.271551692438212
54924	-17.27450543199354
54947	-17.275789626173715
54954	-17.27811506453747
54976	-17.28148026230067
55025	-17.28294755168438
55049	-17.2847582131937
55154	-17.286045337692133
55234	-17.28832618241739
55310	-17.291609366573482
55403	-17.29445762299971
55410	-17.29737265105828
55482	-17.31518604176378
55506	-17.31704571644208
55556	-17.31829557102295
55580	-17.320752820639782
55629	-17.322339302328484
55682	-17.32462176749026
55714	-17.32592802255249
55730	-17.331089537207152
55855	-17.332719979568832
55862	-17.333791276854804
55964	-17.335268822899227
56059	-17.33627167819775
56084	-17.33893251516367
56109	-17.340727128006606
56133	-17.34218885148155
56165	-17.343233596409732
56191	-17.34427407356092
56262	-17.34614047149592
56321	-17.34719601459855
56364	-17.34831101803405
56424	-17.354927163357296
56502	-17.356645794222832
56528	-17.362803931854902
56589	-17.36403169822731
56729	-17.365164890250302
56737	-17.36624623836137
56753	-17.367421556069406
56778	-17.36872175800155
56786	-17.369919459202293
56862	-17.372469573983704
56886	-17.376900551506196
56912	-17.378191751998884
56962	-17.379393766523044
56988	-17.38151559402472
57118	-17.38261838064302
57190	-17.383915182125413
57243	-17.38524834024228
57328	-17.387999881531574
57368	-17.390268121595238
57375	-17.396126059432586
57401	-17.398116737724415
57426	-17.399379578672796
57452	-17.402744046516077
57476	-17.403815313250433
57529	-17.40849576642032
57582	-17.41069566549672
57605	-17.412002840915935
57684	-17.413037717410308
57761	-17.41476271298362
57787	-17.416217432297522
57810	-17.41835726493756
57888	-17.41985607066488
57929	-17.42170575211722
57953	-17.422712877003733
57985	-17.426404402438873
58008	-17.428419368081503
58111	-17.429572370522443
58162	-17.430709257018627
58240	-17.434961759374115
58346	-17.436235437638054
58425	-17.440577134860767
58476	-17.442882998762865
58499	-17.446518390602236
58524	-17.4550719704974
58621	-17.456278450545145
58681	-17.458504801968072
58732	-17.46244723887917
58811	-17.46364227004715
58836	-17.465273401636775
58859	-17.469160543203287
58882	-17.471744458739934
58962	-17.472756328324895
59041	-17.474152069801107
59148	-17.475168547299155
59174	-17.476483378957823
59248	-17.477740156322685
59295	-17.480647402578942
59344	-17.48174374177491
59419	-17.483294481925515
59444	-17.484651299430087
59632	-17.488224646401584
59658	-17.491534162247643
59734	-17.49499753143303
59786	-17.496230831241043
59810	-17.497415436567206
59954	-17.498433967496556
60119	-17.499968929085515
60196	-17.501083956581397
60294	-17.502345041136955
60373	-17.503350868221265
60434	-17.504416938335112
60475	-17.50870527059282
60500	-17.51031014489888
60551	-17.511481383946848
60655	-17.51357410739341
60779	-17.514685337679555
60934	-17.515803119100653
61067	-17.517835555396708
61168	-17.520447125004473
61236	-17.521449115327655
61270	-17.5227205761237
61402	-17.525982108301267
61558	-17.52703014826601
61663	-17.52854852423678
61715	-17.529661406650355
61825	-17.538820702141276
61900	-17.539884469208044
61949	-17.551952388786116
61998	-17.553714785149555
62126	-17.56420990793296
62151	-17.568209600675093
62200	-17.573493534739583
62224	-17.575848738896134
62283	-17.577532542688942
62321	-17.580304543105647
62398	-17.581869069006114
62422	-17.586700774382926
62518	-17.587779998630698
62579	-17.58884944792195
62683	-17.590720099776476
62725	-17.5919092934417
62757	-17.593029516681895
62773	-17.594232819195234
62855	-17.595661312422262
62909	-17.597360205941555
63040	-17.598361439251878
63103	-17.599795195633764
63118	-17.601121446432415
63249	-17.60229547272234
63329	-17.603300818762452
63432	-17.604410670049504
63490	-17.60570457011325
63638	-17.607137812173477
63654	-17.608756700020013
63678	-17.609813378514385
63789	-17.611098465109553
63917	-17.61264664033946
63998	-17.613862590489493
64079	-17.61496567755229
64146	-17.616472956063493
64282	-17.61860016462126
64362	-17.61970103116663
64527	-17.62109008055522
64615	-17.622227940511685
64735	-17.623674960424186
64784	-17.62471082334417
64894	-17.625725426603697
64972	-17.62677386548784
65180	-17.628704114329857
65229	-17.63026081739225
65350	-17.63153359502997
65433	-17.632780074933525
65541	-17.63509500000175
65594	-17.636557603154547
65698	-17.638222358746354
65793	-17.639250117627896
65931	-17.64389582691072
65956	-17.646221614509045
66021	-17.64733784608116
66136	-17.648734338876086
66178	-17.64976405468499
66263	-17.651267167917574
66312	-17.652811493343073
66443	-17.65410648907472
66468	-17.655278970749144
66632	-17.656525487100872
66740	-17.658651996800216
66867	-17.660158430244365
67028	-17.66123086068958
67107	-17.66228835127858
67264	-17.663316576197726
67409	-17.664812995362162
67466	-17.665850930816475
67594	-17.66686435202865
67727	-17.66789397409757
67876	-17.669170298410243
67933	-17.671151906813133
67959	-17.67219351676487
68066	-17.673231141521594
68147	-17.674576193558675
68370	-17.67609086947447
68440	-17.677091517198072
68519	-17.680430791790364
68613	-17.681448641051027
68673	-17.682666059897365
68889	-17.685040432611448
69043	-17.686655261029653
69121	-17.687773270406442
69309	-17.689673017052485
69434	-17.69850193971653
69483	-17.70124498414993
69589	-17.70252100166325
69615	-17.70964172059908
69640	-17.711883474739647
69690	-17.71906163891101
69772	-17.720454720541408
69812	-17.721961783416997
69913	-17.727443901524303
69990	-17.72852078467282
70015	-17.72960469441217
70222	-17.731161640301938
70274	-17.7329820435447
70359	-17.734873029098722
70491	-17.736023753518847
70600	-17.73729603505732
70624	-17.739082665799398
70811	-17.740440916926943
70940	-17.741549225943828
71035	-17.74261356634197
71164	-17.74516986188851
71410	-17.746228719400754
71496	-17.74751470033014
71640	-17.748551917641578
71751	-17.74989337221852
71777	-17.751693340202422
71990	-17.75282529017013
72111	-17.75466198186945
72144	-17.755673798600803
72269	-17.75682778915418
72452	-17.758184958513784
72683	-17.759459113661944
72929	-17.760578512338167
73064	-17.76293698039658
73241	-17.763944319285613
73380	-17.765058234090958
73487	-17.766087848110104
73690	-17.767884305642962
73793	-17.768945366593808
73844	-17.770108089064152
73922	-17.771163085344487
74009	-17.77280373454372
74159	-17.774106343843098
74343	-17.77520992839255
74465	-17.77641313314081
74578	-17.777526273698765
74856	-17.778546936736802
74952	-17.77998325939687
75413	-17.781184940822374
75421	-17.782260662652558
75498	-17.78338122097861
75688	-17.784459319504908
75908	-17.785944427088296
76055	-17.78745901899138
76186	-17.78853912551241
76425	-17.789619328922573
76555	-17.79093936921908
76856	-17.793099982579864
76989	-17.79652619733757
77013	-17.798050699997287
77117	-17.7996475808684
77170	-17.803940431780756
77247	-17.805528087731755
77342	-17.806621263964022
77482	-17.808902831181395
77586	-17.809944596238896
77787	-17.81159993914668
77820	-17.812610989241538
77896	-17.81393857477525
78150	-17.815438523768076
78174	-17.816463924483774
78368	-17.81775686026476
78416	-17.818980919010723
78563	-17.820003095946245
78719	-17.821228768791187
78857	-17.822239258707285
79153	-17.823241744945406
79311	-17.824411831188215
79405	-17.82541358987005
79692	-17.82683008969212
79857	-17.827858980003494
80154	-17.828859641898486
80286	-17.829934654095457
80526	-17.831002004299332
80635	-17.83261779873646
80951	-17.833625769104245
81213	-17.83464519431527
81369	-17.836449250751954
81446	-17.837786668846146
81566	-17.838811836581513
81582	-17.839970731701378
81774	-17.84097793719216
81835	-17.842574940589
82042	-17.843628691401097
82156	-17.84471510674906
82514	-17.84596759562004
82697	-17.846969231535688
83006	-17.848042292146676
83057	-17.849136630062084
83478	-17.850417126206242
83616	-17.85157958069248
83747	-17.852692367157427
84095	-17.853853554935842
84171	-17.85489570968157
84485	-17.855934237946816
84575	-17.857249112372177
84724	-17.85845809468644
84751	-17.859661416947958
84905	-17.860823955724804
85172	-17.86188529885173
85328	-17.863048281310956
85370	-17.86426939203428
85403	-17.865365113154176
85503	-17.866520988609267
85739	-17.86764132832572
85899	-17.8688176952126
86025	-17.869844295611596
86312	-17.871232614071715
86446	-17.872237111836405
86825	-17.873469562185374
87085	-17.874515264710823
87303	-17.875542841633838
87557	-17.87657475256114
87933	-17.878242997783634
88228	-17.879881543369095
88548	-17.88101837026524
88787	-17.88221359072589
89050	-17.88371164598688
89177	-17.88482818415806
89220	-17.885905424111236
89435	-17.88773167053468
89676	-17.888787355302405
90133	-17.88979414550586
90419	-17.89082132885696
90659	-17.892030395351604
91080	-17.89308688903781
91223	-17.895081870030307
91620	-17.89608516031938
91751	-17.897193626878025
92143	-17.89824214836423
92180	-17.921373695676817
92200	-17.93400146759177
92207	-17.945532310070952
92220	-17.947554551536314
92227	-17.949481666825836
92259	-17.950718392745994
92282	-17.958039273197016
92289	-17.9612145721195
92308	-17.971377990705097
92327	-17.979799173668372
92334	-17.99784892992831
92358	-17.999899486664795
92373	-18.000942163420394
92393	-18.00845562734601
92438	-18.024673213852754
92462	-18.02619539206018
92492	-18.027357275518256
92506	-18.029518495373598
92522	-18.030821384815475
92530	-18.031839437160667
92581	-18.033237778072603
92596	-18.034604956826488
92628	-18.03670756655208
92652	-18.04195188788669
92719	-18.04304107807296
92771	-18.04430748895588
92778	-18.04689329262132
92828	-18.065112248718638
92935	-18.066942323113746
92959	-18.078171876199676
93013	-18.0797337009084
93039	-18.08093208838659
93065	-18.092569673108887
93099	-18.093726168595555
93140	-18.094760855587246
93165	-18.09945780769946
93190	-18.10140574375338
93239	-18.11525239860037
93254	-18.1188472223478
93286	-18.12149595124129
93385	-18.12258318910154
93460	-18.123977827664152
93542	-18.125835734283847
93583	-18.127537107195355
93614	-18.133747750081152
93629	-18.138376283274155
93645	-18.139385583019823
93686	-18.144890714663568
93710	-18.146227431600526
93761	-18.147432513169733
93817	-18.149199286949106
93914	-18.18572727916089
93939	-18.19282726266232
93964	-18.19721576453183
93979	-18.200377356766513
94018	-18.201610444166224
94034	-18.21704615435435
94081	-18.222180879315367
94155	-18.22786712435673
94170	-18.232510653942537
94177	-18.236059977205276
94244	-18.237203449269938
94252	-18.238481830331207
94268	-18.240765845233156
94275	-18.250472195285955
94282	-18.251522622590294
94296	-18.260815368916685
94336	-18.261972181826277
94343	-18.263311080072835
94393	-18.26564560234977
94424	-18.267070198843605
94465	-18.268916394742124
94490	-18.27349903397578
94505	-18.274632074408302
94521	-18.275689567506962
94587	-18.276698157917863
94662	-18.277700875891327
94663	-18.279221492261726
94679	-18.283392432895422
94703	-18.285175209885598
94781	-18.28642961611847
94788	-18.290323248701995
94865	-18.29134188741479
94921	-18.292875475130867
94965	-18.294703360156298
95015	-18.30301999649601
95040	-18.304022213697206
95062	-18.305998361425075
95089	-18.307727587055474
95137	-18.308766936163927
95153	-18.309950455477846
95212	-18.31192378188132
95236	-18.31362286348796
95286	-18.314927083055533
95310	-18.31625725256551
95414	-18.317560000815806
95468	-18.3185844744462
95484	-18.320843837785855
95499	-18.322225901408483
95543	-18.323257538554444
95595	-18.334368882169017
95621	-18.33576119974072
95690	-18.337345448810858
95707	-18.33935675325679
95722	-18.34090359738489
95762	-18.34239084586013
95786	-18.34341585566492
95794	-18.34599225957423
95810	-18.347148790665283
95862	-18.348625649984417
95869	-18.351197630504455
95892	-18.35451255979755
95957	-18.35610483829115
95989	-18.357822366915048
96048	-18.358839167359367
96057	-18.360026049703418
96084	-18.361230847369967
96143	-18.36236988706543
96196	-18.364932106245814
96269	-18.367060229328757
96318	-18.37018474617722
96423	-18.37425002748122
96449	-18.37534794085227
96588	-18.376369755819468
96668	-18.380991932123074
96796	-18.38217847201014
96873	-18.38431420835692
96897	-18.385374426432737
96991	-18.38649661323774
97007	-18.387749910750294
97023	-18.38963085691296
97090	-18.390726856921994
97150	-18.395257404001608
97227	-18.396263929039726
97318	-18.397516101073982
97326	-18.402462530770396
97351	-18.403875457624203
97376	-18.405053173525275
97399	-18.406383071454673
97442	-18.408061131189477
97529	-18.409095608328755
97553	-18.41170786673464
97603	-18.41379404226761
97619	-18.414913689920507
97670	-18.416054260737837
97780	-18.417795040419463
97829	-18.420137891047357
97879	-18.421243048848485
97931	-18.422524713748164
98037	-18.425058362242456
98087	-18.426347536712676
98138	-18.427614840056677
98214	-18.42940180632594
98256	-18.430651519929118
98318	-18.431840280095532
98397	-18.433042670481576
98529	-18.434115431272936
98607	-18.435573657763324
98687	-18.438058660666062
98726	-18.43922963323416
98741	-18.440381162390995
98787	-18.44149082985357
98838	-18.44342439650884
98914	-18.444486391528844
98923	-18.445601361675017
98990	-18.446768060701892
99043	-18.447861173004235
99093	-18.448892786111443
99118	-18.44993389265717
99168	-18.451768636935146
99263	-18.452788282649173
99325	-18.455826433584093
99483	-18.456899822377665
99561	-18.458505285660497
99639	-18.45991664463944
99787	-18.460929976990116
99903	-18.462258962145853
99983	-18.463675765650027
100035	-18.465869113453046
100088	-18.46931519779519
100138	-18.471296212320844
100215	-18.472868611971638
100265	-18.474665646884358
100292	-18.47568818796967
100369	-18.479813759455137
100444	-18.481342629909765
100521	-18.48240763880743
100573	-18.483906218788707
100717	-18.485757786591908
100803	-18.489334201281913
100885	-18.49033986598679
100910	-18.492400196969868
100951	-18.49389567500206
101007	-18.4950181674282
101031	-18.497696875162926
101056	-18.49885762376144
101133	-18.500131288108836
101207	-18.501252093569516
101258	-18.50655380816365
101360	-18.50844053279921
101434	-18.51012855781076
101483	-18.511194393115368
101557	-18.512920596732386
101580	-18.51429336268006
101655	-18.51544686549069
101731	-18.51651426464724
101833	-18.51759093219199
101908	-18.521095188362466
102069	-18.522665505228012
102119	-18.523828043028093
102169	-18.525120333015533
102243	-18.527138721989697
102310	-18.528304521071494
102317	-18.52986716458895
102386	-18.5315692970145
102402	-18.532663028758225
102417	-18.539455648310707
102526	-18.54061908796437
102656	-18.541960053190188
102710	-18.543082949647516
102797	-18.544255131356948
102840	-18.54529361141286
103075	-18.54630054429872
103110	-18.547462367302536
103136	-18.549445353728842
103241	-18.551684287473158
103322	-18.552701815169698
103346	-18.553862511425457
103474	-18.557115077435512
103556	-18.558342605181558
103689	-18.559919526106373
103731	-18.561019886614908
103897	-18.562733040265435
103974	-18.564220945183653
104203	-18.565815791865983
104312	-18.567859271632283
104521	-18.569265941984373
104529	-18.570350015117228
104554	-18.571757924445006
104687	-18.573305572792002
104763	-18.57594990897124
104949	-18.577083273989444
105051	-18.578443523287632
105126	-18.579812171082796
105229	-18.581125543220008
105348	-18.5821377317725
105514	-18.583167064811306
105650	-18.58417859089714
105704	-18.585723676236643
105729	-18.58677755774266
105835	-18.58799178995823
105971	-18.58966666271592
106099	-18.591316406814574
106204	-18.5927294067562
106332	-18.59430370289692
106409	-18.595527320927516
106588	-18.596903355848
106717	-18.598312292793423
106784	-18.599340451437378
106840	-18.600347188538674
106953	-18.6015676759521
107270	-18.602749047917143
107348	-18.6041293530169
107572	-18.60514020806381
107794	-18.606278996467886
107896	-18.60729698349494
108198	-18.60845278368914
108240	-18.609460900302306
108345	-18.6105498323003
108429	-18.61159220658643
108610	-18.612971045627923
108743	-18.614029917559503
108797	-18.615384921569298
108950	-18.616431138877996
109026	-18.61810542385894
109147	-18.619218042624116
109234	-18.620397878516318
109259	-18.622851440802272
109440	-18.62407587906796
109558	-18.62517488901336
109719	-18.62717376019784
109799	-18.628392504626493
109825	-18.629468785210843
109924	-18.630667206722585
109949	-18.631674480288787
110020	-18.632991051559124
110161	-18.634193681674926
110474	-18.63524458867642
110579	-18.63686887553205
110788	-18.63794785793363
110987	-18.639088325340296
111154	-18.640271637177893
111317	-18.641279961395423
111425	-18.642413979561503
111610	-18.643474300381115
111820	-18.644602838009728
111951	-18.645615022921906
112163	-18.64672036032471
112375	-18.647731078207343
112531	-18.648948851322498
112739	-18.649963466512244
112915	-18.651252011142645
112993	-18.652744741313068
113153	-18.653804862100944
113339	-18.654831665806544
113565	-18.65583264755104
113649	-18.65688413019141
113856	-18.658128733540483
114296	-18.659540880025723
114594	-18.660615285339492
114782	-18.66178317480096
114890	-18.663056666125
115186	-18.664065760129542
115292	-18.665400760341736
115510	-18.666588919303756
115893	-18.66771625832943
116235	-18.668735296136422
116421	-18.67010884995308
116497	-18.671811336487494
116597	-18.67303971916972
116734	-18.674458368452356
116803	-18.675510248448095
116828	-18.678068417635853
117165	-18.67908156951876
117276	-18.680793206796235
117407	-18.682255152191733
117617	-18.683341939330695
117779	-18.6843778620621
117965	-18.685597019828077
118306	-18.68661886518797
118573	-18.687717813242532
118807	-18.688779088598924
119034	-18.68992996042281
119312	-18.69109422048599
119545	-18.692123936565523
119705	-18.693283525254202
120001	-18.696235242616705
120185	-18.697330032777636
120495	-18.698349997302966
120520	-18.699704285343746
120625	-18.700817862659136
121025	-18.70192583857481
121560	-18.703042783118107
121775	-18.704251095222308
122070	-18.7053014837568
122529	-18.70668911647022
122849	-18.70779330157222
123331	-18.708827138968715
123497	-18.709859022021295
123629	-18.710946909462933
123844	-18.712093845147447
124007	-18.714244123882548
124162	-18.71553122473294
124323	-18.716827241411465
124389	-18.71783167273178
124474	-18.719836343446705
124552	-18.720964328118278
124848	-18.72229685511255
125048	-18.723330978312323
125056	-18.72447234123759
125342	-18.725485697974793
125446	-18.727058515105465
126006	-18.728112033475302
126372	-18.729123367343952
126717	-18.73048167152579
126951	-18.732052002990866
127245	-18.733057663901793
127429	-18.73451066840914
127638	-18.73688386686634
127925	-18.737923533385743
128131	-18.738943438591967
128199	-18.739982983751325
128550	-18.741181389294685
128812	-18.742196721039207
129312	-18.74321436810987
130067	-18.74446144160051
130552	-18.74565021638066
130900	-18.74666431470399
131114	-18.747850927023205
131458	-18.749555882645918
131618	-18.750778379581757
131774	-18.75188040966191
131929	-18.753238130920657
132055	-18.754959844485096
132159	-18.756047432198738
132441	-18.757085932180726
132772	-18.75808838536303
133179	-18.759136609756325
133655	-18.760192339864005
134105	-18.76119720675083
134335	-18.76222258195751
134821	-18.763297538515
135096	-18.764298074897646
135256	-18.765928351669093
135648	-18.766987468489308
135752	-18.7680156141998
136044	-18.769029590232652
136464	-18.770090568438626
136835	-18.771258750860245
137699	-18.77239085488974
138184	-18.773435775004533
138374	-18.774492425648607
138745	-18.776108871037057
139093	-18.77717825864282
