7801	23.906478	0.193778
46806	0.027880	1.385152
78010	-1.202308	1.382068
101413	-2.179567	1.376082
132617	-2.356176	1.375293
156020	-3.141864	1.370204
187224	-3.259397	1.368965
210627	-3.647751	1.364966
241831	-3.847772	1.363643
273035	-3.926642	1.363235
296438	-4.256410	1.361315
327642	-4.465599	1.358338
358846	-4.534408	1.357376
382249	-4.647604	1.356190
413453	-4.878026	1.352768
444657	-4.938090	1.352093
475861	-4.981059	1.351205
507065	-5.015263	1.350981
538269	-5.047672	1.350210
569473	-5.079257	1.349977
600677	-5.110319	1.349290
631881	-5.140723	1.349042
663085	-5.169000	1.348389
694289	-5.196829	1.348127
725493	-5.224262	1.347533
756697	-5.252716	1.347239
787901	-5.279624	1.346646
819105	-5.306584	1.346380
850309	-5.332981	1.345787
881513	-5.358575	1.345550
912717	-5.384514	1.344957
943921	-5.409106	1.344750
975125	-5.433943	1.344168
1006329	-5.457865	1.343983
1037533	-5.481176	1.343427
1068737	-5.504372	1.343251
1099941	-5.528122	1.342679
1131145	-5.551281	1.342550
1162349	-5.574032	1.341934
1193553	-5.595959	1.341935
1224757	-5.617247	1.341225
1255961	-5.636970	1.341363
1287165	-5.659409	1.340594
1318369	-5.676809	1.340814
1349573	-5.700636	1.339972
1380777	-5.720041	1.340126
1411981	-5.739051	1.339388
1458787	-5.757171	1.339332
1482190	-5.891975	1.338156
1528996	-5.948261	1.336889
1575802	-5.962424	1.336485
1599205	-6.249569	1.332492
1630409	-6.266258	1.333305
1677215	-6.294396	1.332532
1708419	-6.305747	1.332025
1739623	-6.316421	1.332352
1778628	-6.323753	1.332127
1809832	-6.335318	1.331678
1841036	-6.345718	1.331964
1887842	-6.356316	1.331598
1911245	-6.441693	1.330015
1950250	-6.468963	1.329833
1981454	-6.477257	1.330495
2028260	-6.494965	1.329948
2059464	-6.505020	1.329479
2106270	-6.514590	1.329543
2129673	-6.563179	1.329847
2168678	-6.595440	1.329075
2215484	-6.616409	1.328451
2246688	-6.624800	1.328004
2277892	-6.632003	1.328390
2309096	-6.637451	1.327724
2355902	-6.650970	1.327774
2387106	-6.659667	1.327856
2418310	-6.668454	1.327534
2449514	-6.676589	1.327892
2496320	-6.687739	1.327487
2527524	-6.696469	1.326878
2574330	-6.718826	1.326864
2605534	-6.725074	1.327264
2636738	-6.730005	1.326562
2683544	-6.743353	1.326627
2714748	-6.751425	1.326733
2745952	-6.759705	1.326404
2777156	-6.762711	1.327011
2823962	-6.780405	1.326411
2870768	-6.787118	1.326135
2917574	-6.802184	1.326270
2964380	-6.809674	1.325958
2987783	-6.853802	1.324842
3026788	-6.889245	1.324700
3073594	-6.898784	1.324797
3096997	-6.910065	1.325080
3120400	-3.615735	1.364928
3128202	-3.615735	1.364928
3159406	-6.915678	1.323961
3190610	-6.949260	1.325584
3237416	-7.004726	1.324083
3284222	-7.015744	1.323642
3315426	-7.022368	1.323358
3346630	-7.029853	1.323519
3401237	-7.035295	1.323264
3424640	-7.055320	1.324219
3463645	-7.082920	1.322339
3510451	-7.105572	1.322381
3541655	-7.110179	1.322869
3588461	-7.117578	1.322536
3611864	-7.127902	1.322104
3658670	-7.135282	1.322228
3682073	-7.146148	1.322493
3728879	-7.152820	1.322181
3767884	-7.164347	1.321793
3814690	-7.170247	1.321920
3838093	-7.198824	1.322890
3877098	-7.243983	1.321500
3908302	-7.248365	1.320974
3955108	-7.254793	1.321096
3978511	-7.264488	1.321387
4009715	-7.267493	1.320747
4056521	-7.276691	1.320882
4079924	-7.282463	1.321368
4126730	-7.292318	1.320941
4157934	-7.297942	1.320657
4196939	-7.302432	1.320797
4235944	-7.315239	1.320416
4282750	-7.320965	1.320548
4306153	-7.326897	1.321810
4345158	-7.360525	1.320846
4384163	-7.368770	1.320549
4430969	-7.375425	1.320229
4454372	-7.381208	1.319757
4501178	-7.393644	1.319886
4547984	-7.397795	1.320023
4586989	-7.409758	1.319664
4633795	-7.415111	1.319796
4672800	-7.426981	1.320032
4719606	-7.432326	1.319755
4743009	-7.438176	1.319194
4774213	-7.471874	1.319099
4821019	-7.481494	1.319227
4852223	-7.486146	1.319457
4891228	-7.490091	1.319236
4914631	-7.502957	1.320450
4961437	-7.541603	1.319277
5000442	-7.546241	1.319081
5047248	-7.550530	1.318844
5070651	-7.560241	1.318255
5117457	-7.620751	1.317936
5164263	-7.631109	1.318056
5203268	-7.634606	1.318182
5226671	-7.642754	1.317475
5273477	-7.686553	1.317344
5320283	-7.694316	1.317483
5359288	-7.697919	1.317616
5382691	-7.702851	1.317224
5429497	-7.709541	1.317347
5468502	-7.713010	1.317465
5491905	-7.718112	1.317059
5538711	-7.724458	1.317179
5577716	-7.727883	1.317298
5601119	-7.732980	1.316895
5647925	-7.739232	1.317013
5686930	-7.742627	1.317130
5710333	-7.747606	1.316725
5757139	-7.753864	1.316843
5796144	-7.757203	1.316957
5819547	-7.762342	1.316557
5866353	-7.768380	1.316673
5905358	-7.771751	1.316786
5928761	-7.776197	1.316374
5975567	-7.782797	1.316491
6022373	-7.786117	1.316609
6045776	-7.790349	1.316195
6092582	-7.797093	1.316312
6131587	-7.799310	1.316371
6154990	-8.027074	1.313861
6201796	-8.035081	1.313505
6233000	-8.039693	1.313132
6240801	-3.615735	1.364928
6248603	-3.615735	1.364928
6279807	-6.915678	1.323961
6311011	-6.949260	1.325584
6357817	-7.004726	1.324083
6404623	-7.015744	1.323642
6435827	-7.022368	1.323358
6467031	-7.029853	1.323519
6521638	-7.035295	1.323264
6545041	-7.055320	1.324219
6584046	-7.082920	1.322339
6630852	-7.105572	1.322381
6662056	-7.110179	1.322869
6708862	-7.117578	1.322536
6732265	-7.127902	1.322104
6779071	-7.135282	1.322228
6802474	-7.146148	1.322493
6849280	-7.152820	1.322181
6888285	-7.164347	1.321793
6935091	-7.170247	1.321920
6958494	-7.198824	1.322890
6997499	-7.243984	1.321500
7028703	-7.248365	1.320974
7075509	-7.254794	1.321096
7098912	-7.264485	1.321387
7130116	-7.267502	1.320747
7176922	-7.276692	1.320882
7200325	-7.282504	1.321366
7247131	-7.292314	1.320941
7278335	-7.297935	1.320657
7340743	-7.302360	1.320793
7364146	-7.314179	1.320146
7410952	-7.351158	1.320076
7457758	-7.358253	1.320208
7481161	-7.364855	1.320644
7527967	-7.373097	1.320268
7551370	-7.376957	1.319809
7598176	-7.387413	1.319934
7644982	-7.391525	1.320068
7668385	-7.400367	1.319469
7715191	-7.437030	1.319403
7761997	-7.444179	1.319536
7785400	-7.448908	1.320041
7832206	-7.457970	1.319639
7863410	-7.462593	1.319368
7894614	-7.467307	1.319589
7941420	-7.471280	1.319369
7980425	-7.483134	1.319609
8027231	-7.488339	1.319337
8066236	-7.497537	1.319017
8113042	-7.502024	1.319146
8136445	-7.517395	1.320555
8183251	-7.567478	1.319100
8230057	-7.575429	1.318724
8269062	-7.577981	1.318605
8292465	-7.811504	1.316720
8339271	-7.824464	1.316781
8370475	-7.826338	1.317101
8417281	-7.832601	1.316796
8456286	-7.835952	1.316593
8479689	-7.840196	1.316841
8526495	-7.846573	1.316525
8565500	-7.849569	1.316332
8596704	-7.853064	1.316391
8635709	-7.856452	1.316174
8674714	-7.859323	1.316259
8705918	-7.862431	1.316096
8737122	-7.865478	1.316140
8768326	-7.868464	1.315993
8807331	-7.874185	1.316087
8854137	-7.877128	1.315898
8885341	-7.895835	1.315202
8924346	-7.900182	1.315237
8971152	-7.904210	1.315332
9002356	-7.907128	1.315378
9033560	-7.910000	1.315237
9072565	-7.915503	1.315332
9119371	-7.918363	1.315150
9150575	-7.937514	1.314458
9197381	-7.945007	1.314556
9228585	-7.947980	1.314718
9267590	-7.950482	1.314553
9290993	-8.176600	1.310492
9337799	-8.184687	1.310158
9361202	-7.746464	1.315180
9369004	-7.746464	1.315180
9408009	-8.047801	1.310875
9454815	-8.194471	1.309103
9493820	-8.209480	1.308997
9540626	-8.222252	1.308994
9571830	-8.229827	1.309089
9618636	-8.233427	1.308935
9649840	-8.238493	1.308824
9681044	-8.241249	1.308950
9727850	-8.247243	1.308718
9759054	-8.249687	1.308540
9805860	-8.252270	1.308571
9837064	-8.264280	1.308405
9883870	-8.270564	1.308204
9915074	-8.273102	1.308084
9961880	-8.275555	1.308085
9993084	-8.289841	1.307745
10039890	-8.295634	1.307628
10071094	-8.298462	1.307580
10102298	-8.300308	1.307536
10149104	-8.303778	1.307458
10180308	-8.306937	1.307390
10211512	-8.309667	1.307332
10258318	-8.311925	1.307276
10289522	-8.319705	1.307128
10336328	-8.322618	1.307042
10367532	-8.326171	1.306953
10398736	-8.328880	1.306907
10429940	-8.331383	1.306812
10476746	-8.333973	1.306784
10500149	-8.340082	1.306643
10539154	-8.341661	1.306609
10570358	-8.346371	1.306501
10609363	-8.348123	1.306463
10624965	-8.391216	1.305333
10671771	-8.412692	1.304956
10718577	-8.416297	1.304895
10749781	-8.419136	1.304836
10796587	-8.421163	1.304782
10827791	-8.433142	1.304495
10874597	-8.438118	1.304383
10905801	-8.440584	1.304309
10952607	-8.442624	1.304273
10968209	-8.489448	1.303035
11015015	-8.503724	1.302786
11061821	-8.506280	1.302742
11093025	-8.509523	1.302669
11124229	-8.511814	1.302599
11171035	-8.513720	1.302563
11186637	-8.524908	1.301966
11233443	-8.566556	1.301203
11280249	-8.572434	1.301098
11327055	-8.574179	1.301064
11342657	-8.598080	1.300273
11389463	-8.624465	1.299785
11436269	-8.628718	1.299708
11467473	-8.631051	1.299659
11514279	-8.632812	1.299616
11529881	-8.683802	1.298268
11561085	-8.693075	1.297997
11607891	-8.696789	1.297956
11639095	-8.701410	1.297857
11670299	-8.704087	1.297790
11701503	-8.705775	1.297771
11748309	-8.707844	1.297719
11779513	-8.711591	1.297631
11826319	-8.713276	1.297601
11857523	-8.721990	1.297404
11904329	-8.725595	1.297327
11935533	-8.727403	1.297277
11974538	-8.728402	1.297256
12005742	-8.730405	1.297209
12036946	-8.732007	1.297164
12083752	-8.733633	1.297132
12114956	-8.743496	1.296884
12161762	-8.747396	1.296802
12192966	-8.749067	1.296758
12239772	-8.750637	1.296726
12263175	-8.879522	1.293432
12309981	-8.900234	1.293161
12341185	-8.902681	1.293264
12372389	-8.904856	1.293055
12419195	-8.908550	1.293040
12450399	-8.910650	1.293056
12481603	-8.912580	1.292936
12481603	-8.912580	1.292936
12489405	-8.912580	1.292936
12520609	-8.914293	1.292996
12551813	-8.915476	1.292847
12598619	-8.917953	1.292842
12629823	-8.919904	1.292852
12661027	-8.921658	1.292747
12692231	-8.922976	1.292797
12739037	-8.924691	1.292733
12770241	-8.927833	1.292590
12817047	-8.929724	1.292591
12848251	-8.932157	1.292595
12879455	-8.933764	1.292473
12910659	-8.934618	1.292563
12957465	-8.936953	1.292476
12988669	-8.938734	1.292384
13019873	-8.940037	1.292425
13066679	-8.941589	1.292366
13113485	-8.943585	1.292294
13144689	-8.945287	1.292297
13175893	-8.946470	1.292219
13222699	-8.948017	1.292208
13269505	-8.951061	1.292185
13316311	-8.952518	1.292131
13339714	-8.955768	1.292017
13370918	-8.956684	1.292075
13417724	-8.958626	1.292008
13448928	-8.960455	1.291929
13480132	-8.961565	1.291961
13526938	-8.963184	1.291906
13558142	-8.965987	1.291797
13604948	-8.967675	1.291789
13636152	-8.970119	1.291787
13682958	-8.971489	1.291732
13714162	-8.977988	1.291490
13760968	-8.980750	1.291494
13792172	-8.982478	1.291535
13823376	-8.983867	1.291411
13870182	-8.985355	1.291419
13893585	-8.988642	1.291413
13924789	-8.990070	1.291276
13971595	-8.991597	1.291288
13994998	-8.994851	1.291290
14026202	-8.996400	1.291140
14057406	-8.997173	1.291272
14104212	-8.999577	1.291170
14135416	-9.001308	1.291062
14166620	-9.002564	1.291131
14213426	-9.004127	1.291062
14244630	-9.005581	1.290812
14291436	-9.014056	1.290756
14322640	-9.014920	1.290922
14369446	-9.017515	1.290807
14400650	-9.019223	1.290689
14431854	-9.020493	1.290770
14478660	-9.022063	1.290696
14509864	-9.024609	1.290440
14556670	-9.030690	1.290426
14587874	-9.031668	1.290584
14634680	-9.033977	1.290469
14665884	-9.035830	1.290352
14697088	-9.037423	1.290422
14728292	-9.038486	1.290272
14775098	-9.040310	1.290283
14806302	-9.042385	1.290314
14837506	-9.043455	1.290180
14884312	-9.045173	1.290188
14915516	-9.047392	1.290215
14962322	-9.048651	1.290149
14977924	-9.059035	1.289469
15024730	-9.082298	1.289291
15071536	-9.086293	1.289324
15102740	-9.087990	1.289413
15133944	-9.089600	1.289230
15165148	-9.090880	1.289398
15196352	-9.092075	1.289129
15243158	-9.094749	1.289170
15274362	-9.096528	1.289222
15305566	-9.098285	1.289074
15336770	-9.099864	1.289194
15367974	-9.101334	1.288978
15399178	-9.102542	1.289180
15445984	-9.104766	1.289051
15477188	-9.106557	1.288928
15508392	-9.108225	1.289009
15539596	-9.109628	1.288837
15586402	-9.111065	1.288870
15602004	-9.111065	1.288870
15609806	-9.111065	1.288870
15633209	-9.114221	1.288892
15664413	-9.115773	1.288713
15695617	-9.116927	1.288888
15742423	-9.118887	1.288770
15773627	-9.120784	1.288648
15804831	-9.122394	1.288737
15836035	-9.123685	1.288559
15882841	-9.125189	1.288591
15921846	-9.128674	1.288714
15968652	-9.131958	1.288539
15999856	-9.133576	1.288372
16031060	-9.134920	1.288531
16077866	-9.136647	1.288419
16109070	-9.139427	1.288251
16140274	-9.140722	1.288431
16171478	-9.141644	1.288151
16218284	-9.144415	1.288198
16249488	-9.146130	1.288267
16280692	-9.147732	1.288099
16311896	-9.149068	1.288261
16358702	-9.150819	1.288147
16389906	-9.153537	1.287984
16421110	-9.154761	1.288163
16452314	-9.155782	1.287882
16499120	-9.158517	1.287931
16530324	-9.160231	1.287993
16561528	-9.161877	1.287834
16592732	-9.163226	1.287990
16623936	-9.164100	1.287728
16670742	-9.166619	1.287774
16701946	-9.168309	1.287844
16733150	-9.169860	1.287678
16764354	-9.170914	1.287853
16811160	-9.172806	1.287736
16842364	-9.174669	1.287609
16873568	-9.176138	1.287713
16904772	-9.177102	1.287522
16951578	-9.178879	1.287555
16982782	-9.180768	1.287614
17013986	-9.181774	1.287445
17060792	-9.183383	1.287474
17091996	-9.185542	1.287537
17138802	-9.186837	1.287451
17162205	-9.189988	1.287316
17193409	-9.191458	1.287425
17224613	-9.192491	1.287228
17271419	-9.194200	1.287264
17302623	-9.196209	1.287328
17333827	-9.197217	1.287144
17380633	-9.198872	1.287178
17411837	-9.200942	1.287243
17443041	-9.201572	1.287049
17489847	-9.203662	1.287079
17521051	-9.205188	1.287142
17552255	-9.206118	1.286991
17599061	-9.207689	1.287016
17630265	-9.209734	1.287069
17677071	-9.210968	1.286991
17708275	-9.216793	1.286729
17755081	-9.219275	1.286773
17786285	-9.220844	1.286854
17817489	-9.222089	1.286681
17864295	-9.223469	1.286719
17887698	-9.226345	1.286761
17918902	-9.227614	1.286568
17965708	-9.229093	1.286610
18012514	-9.231834	1.286663
18043718	-9.233155	1.286457
18074922	-9.233959	1.286675
18121728	-9.236219	1.286540
18152932	-9.237808	1.286407
18184136	-9.239028	1.286530
18230942	-9.240388	1.286439
18254345	-9.243240	1.286291
18285549	-9.244291	1.286452
18332355	-9.245992	1.286342
18363559	-9.247951	1.286209
18394763	-9.249193	1.286341
18441569	-9.250599	1.286245
18464972	-9.253397	1.286097
18496176	-9.254626	1.286249
18542982	-9.256232	1.286141
18574186	-9.258869	1.285975
18605390	-9.260161	1.286153
18652196	-9.262087	1.286032
18683400	-9.264002	1.285920
18714604	-9.265560	1.286001
18722405	-9.111065	1.288870
18730207	-9.111065	1.288870
18753610	-9.114221	1.288892
18784814	-9.115773	1.288713
18816018	-9.116927	1.288888
18862824	-9.118887	1.288770
18894028	-9.120784	1.288648
18925232	-9.122394	1.288737
18956436	-9.123685	1.288559
19003242	-9.125189	1.288591
19042247	-9.128674	1.288714
19089053	-9.131958	1.288539
19120257	-9.133576	1.288372
19151461	-9.134920	1.288531
19198267	-9.136647	1.288419
19229471	-9.139427	1.288251
19260675	-9.140722	1.288431
19291879	-9.141644	1.288151
19338685	-9.144415	1.288198
19369889	-9.146130	1.288267
19401093	-9.147732	1.288099
19432297	-9.149068	1.288261
19479103	-9.150819	1.288147
19510307	-9.153537	1.287984
19541511	-9.154761	1.288163
19572715	-9.155782	1.287882
19619521	-9.158517	1.287931
19650725	-9.160231	1.287993
19681929	-9.161877	1.287834
19713133	-9.163226	1.287990
19744337	-9.164100	1.287728
19791143	-9.166619	1.287774
19822347	-9.168309	1.287844
19853551	-9.169860	1.287678
19884755	-9.170914	1.287853
19931561	-9.172806	1.287736
19962765	-9.174669	1.287609
19993969	-9.176138	1.287713
20025173	-9.177102	1.287522
20071979	-9.178879	1.287555
20103183	-9.180768	1.287614
20134387	-9.181774	1.287445
20181193	-9.183383	1.287474
20212397	-9.185542	1.287537
20259203	-9.186837	1.287451
20282606	-9.189988	1.287316
20313810	-9.191458	1.287425
20345014	-9.192491	1.287228
20391820	-9.194200	1.287264
20423024	-9.196209	1.287328
20454228	-9.197217	1.287144
20501034	-9.198873	1.287178
20532238	-9.200941	1.287243
20563442	-9.201574	1.287049
20610248	-9.203661	1.287079
20641452	-9.205188	1.287142
20672656	-9.206119	1.286991
20719462	-9.207689	1.287016
20750666	-9.209739	1.287069
20797472	-9.210977	1.286991
20828676	-9.216685	1.286732
20875482	-9.219138	1.286776
20906686	-9.220711	1.286856
20937890	-9.221961	1.286684
20984696	-9.223332	1.286722
21008099	-9.226226	1.286762
21039303	-9.227502	1.286571
21086109	-9.228969	1.286613
21125114	-9.231749	1.286663
21156318	-9.233082	1.286459
21187522	-9.233933	1.286674
21234328	-9.236150	1.286540
21265532	-9.237770	1.286409
21296736	-9.239071	1.286525
21343542	-9.240358	1.286436
21366945	-9.243405	1.286303
21398149	-9.244866	1.286413
21429353	-9.246067	1.286213
21476159	-9.247622	1.286255
21507363	-9.250172	1.286337
21554169	-9.251891	1.286223
21585373	-9.254442	1.286074
21616577	-9.255567	1.286236
21647781	-9.256734	1.285985
21694587	-9.259218	1.286025
21725791	-9.260863	1.286072
21756995	-9.262460	1.285937
21788199	-9.263865	1.286053
21819403	-9.265045	1.285843
21842806	-9.111065	1.288870
21850608	-9.111065	1.288870
21874011	-9.114221	1.288892
21905215	-9.115773	1.288713
21936419	-9.116927	1.288888
21983225	-9.118887	1.288770
22014429	-9.120784	1.288648
22045633	-9.122394	1.288737
22076837	-9.123685	1.288559
22123643	-9.125189	1.288591
22162648	-9.128674	1.288714
22209454	-9.131958	1.288539
22240658	-9.133576	1.288372
22271862	-9.134920	1.288531
22318668	-9.136647	1.288419
22349872	-9.139427	1.288251
22381076	-9.140722	1.288431
22412280	-9.141644	1.288151
22459086	-9.144415	1.288198
22490290	-9.146130	1.288267
22521494	-9.147732	1.288099
22552698	-9.149068	1.288261
22599504	-9.150819	1.288147
22630708	-9.153537	1.287984
22661912	-9.154761	1.288163
22693116	-9.155782	1.287882
22739922	-9.158517	1.287931
22771126	-9.160231	1.287993
22802330	-9.161877	1.287834
22833534	-9.163226	1.287990
22864738	-9.164100	1.287728
22911544	-9.166619	1.287774
22942748	-9.168309	1.287844
22973952	-9.169860	1.287678
23005156	-9.170914	1.287853
23051962	-9.172806	1.287736
23083166	-9.174669	1.287609
23114370	-9.176138	1.287713
23145574	-9.177102	1.287522
23192380	-9.178879	1.287555
23223584	-9.180768	1.287614
23254788	-9.181774	1.287445
23301594	-9.183383	1.287474
23332798	-9.185542	1.287537
23379604	-9.186837	1.287451
23403007	-9.189988	1.287316
23434211	-9.191458	1.287425
23465415	-9.192491	1.287228
23512221	-9.194200	1.287264
23543425	-9.196209	1.287328
23574629	-9.197217	1.287144
23621435	-9.198873	1.287178
23652639	-9.200941	1.287243
23683843	-9.201573	1.287049
23730649	-9.203661	1.287079
23761853	-9.205188	1.287142
23793057	-9.206119	1.286991
23839863	-9.207689	1.287016
23871067	-9.209739	1.287069
23917873	-9.210976	1.286991
23949077	-9.216688	1.286732
23995883	-9.219143	1.286776
24027087	-9.220715	1.286856
24058291	-9.221965	1.286684
24105097	-9.223337	1.286722
24128500	-9.226230	1.286762
24159704	-9.227505	1.286571
24206510	-9.228973	1.286613
24245515	-9.231682	1.286659
24276719	-9.233032	1.286464
24307923	-9.233876	1.286674
24354729	-9.236055	1.286541
24385933	-9.237688	1.286412
24417137	-9.239005	1.286525
24463943	-9.240275	1.286436
24487346	-9.243357	1.286308
24518550	-9.244867	1.286408
24549754	-9.246153	1.286215
24596560	-9.247638	1.286258
24643366	-9.250419	1.286308
24674570	-9.251719	1.286102
24705774	-9.252664	1.286319
24752580	-9.254914	1.286182
24783784	-9.256540	1.286056
24814988	-9.257976	1.286159
24846192	-9.259033	1.285966
24892998	-9.260634	1.286004
24924202	-9.262747	1.286072
24955406	-9.263591	1.285868
24963207	-9.111065	1.288870
24971009	-9.111065	1.288870
24994412	-9.114221	1.288892
25025616	-9.115773	1.288713
25056820	-9.116927	1.288888
25103626	-9.118887	1.288770
25134830	-9.120784	1.288648
25166034	-9.122394	1.288737
25197238	-9.123685	1.288559
25244044	-9.125189	1.288591
25283049	-9.128674	1.288714
25329855	-9.131958	1.288539
25361059	-9.133576	1.288372
25392263	-9.134920	1.288531
25439069	-9.136647	1.288419
25470273	-9.139427	1.288251
25501477	-9.140722	1.288431
25532681	-9.141644	1.288151
25579487	-9.144415	1.288198
25610691	-9.146130	1.288267
25641895	-9.147732	1.288099
25673099	-9.149068	1.288261
25719905	-9.150819	1.288147
25751109	-9.153537	1.287984
25782313	-9.154761	1.288163
25813517	-9.155782	1.287882
25860323	-9.158517	1.287931
25891527	-9.160231	1.287993
25922731	-9.161877	1.287834
25953935	-9.163226	1.287990
25985139	-9.164100	1.287728
26031945	-9.166619	1.287774
26063149	-9.168309	1.287844
26094353	-9.169860	1.287678
26125557	-9.170914	1.287853
26172363	-9.172806	1.287736
26203567	-9.174669	1.287609
26234771	-9.176138	1.287713
26265975	-9.177102	1.287522
26312781	-9.178879	1.287555
26343985	-9.180768	1.287614
26375189	-9.181774	1.287445
26421995	-9.183383	1.287474
26453199	-9.185542	1.287537
26500005	-9.186837	1.287451
26523408	-9.189988	1.287316
26554612	-9.191458	1.287425
26585816	-9.192490	1.287228
26632622	-9.194200	1.287264
26663826	-9.196208	1.287328
26695030	-9.197216	1.287144
26741836	-9.198872	1.287178
26773040	-9.200942	1.287243
26804244	-9.201570	1.287049
26851050	-9.203662	1.287079
26882254	-9.205188	1.287142
26913458	-9.206117	1.286991
26960264	-9.207689	1.287016
26991468	-9.209731	1.287069
27038274	-9.210962	1.286991
27069478	-9.216881	1.286726
27116284	-9.219386	1.286770
27147488	-9.220951	1.286853
27178692	-9.222193	1.286679
27225498	-9.223580	1.286717
27248901	-9.226440	1.286760
27280105	-9.227703	1.286566
27326911	-9.229193	1.286608
27373717	-9.231762	1.286656
27404921	-9.233107	1.286464
27436125	-9.233852	1.286675
27482931	-9.236079	1.286542
27514135	-9.237667	1.286409
27545339	-9.238859	1.286534
27592145	-9.240238	1.286443
27615548	-9.243020	1.286291
27646752	-9.243762	1.286478
27693558	-9.245815	1.286354
27724762	-9.247425	1.286225
27755966	-9.248563	1.286350
27802772	-9.249965	1.286258
27841777	-9.251744	1.286166
27872981	-9.253237	1.286230
27904185	-9.254122	1.286075
27950991	-9.255687	1.286103
27982195	-9.257601	1.286157
28029001	-9.258772	1.286080
28060205	-9.265750	1.285788
28083608	-9.111065	1.288870
28091410	-9.111065	1.288870
28114813	-9.114221	1.288892
28146017	-9.115773	1.288713
28177221	-9.116927	1.288888
28224027	-9.118887	1.288770
28255231	-9.120784	1.288648
28286435	-9.122394	1.288737
28317639	-9.123685	1.288559
28364445	-9.125189	1.288591
28403450	-9.128674	1.288714
28450256	-9.131958	1.288539
28481460	-9.133576	1.288372
28512664	-9.134920	1.288531
28559470	-9.136647	1.288419
28590674	-9.139427	1.288251
28621878	-9.140722	1.288431
28653082	-9.141644	1.288151
28699888	-9.144415	1.288198
28731092	-9.146130	1.288267
28762296	-9.147732	1.288099
28793500	-9.149068	1.288261
28840306	-9.150819	1.288147
28871510	-9.153537	1.287984
28902714	-9.154761	1.288163
28933918	-9.155782	1.287882
28980724	-9.158517	1.287931
29011928	-9.160231	1.287993
29043132	-9.161877	1.287834
29074336	-9.163226	1.287990
29105540	-9.164100	1.287728
29152346	-9.166619	1.287774
29183550	-9.168309	1.287844
29214754	-9.169860	1.287678
29245958	-9.170914	1.287853
29292764	-9.172806	1.287736
29323968	-9.174669	1.287609
29355172	-9.176138	1.287713
29386376	-9.177102	1.287522
29433182	-9.178879	1.287555
29464386	-9.180768	1.287614
29495590	-9.181774	1.287445
29542396	-9.183383	1.287474
29573600	-9.185542	1.287537
29620406	-9.186837	1.287451
29643809	-9.189988	1.287316
29675013	-9.191458	1.287425
29706217	-9.192491	1.287228
29753023	-9.194200	1.287264
29784227	-9.196209	1.287328
29815431	-9.197217	1.287144
29862237	-9.198873	1.287178
29893441	-9.200941	1.287243
29924645	-9.201573	1.287049
29971451	-9.203661	1.287079
30002655	-9.205188	1.287142
30033859	-9.206119	1.286991
30080665	-9.207689	1.287016
30111869	-9.209738	1.287069
30158675	-9.210975	1.286991
30189879	-9.216708	1.286731
30236685	-9.219167	1.286776
30267889	-9.220739	1.286856
30299093	-9.221988	1.286684
30345899	-9.223361	1.286721
30369302	-9.226251	1.286762
30400506	-9.227525	1.286570
30447312	-9.228995	1.286612
30486317	-9.231358	1.286647
30517521	-9.232832	1.286482
30548725	-9.233724	1.286668
30595531	-9.235704	1.286544
30626735	-9.237416	1.286418
30657939	-9.238777	1.286527
30689143	-9.239378	1.286327
30735949	-9.241473	1.286361
30767153	-9.242967	1.286427
30798357	-9.243870	1.286271
30845163	-9.245432	1.286298
30876367	-9.247394	1.286354
30923173	-9.248592	1.286275
30954377	-9.254786	1.286004
31001183	-9.257337	1.286049
31032387	-9.258878	1.286131
31063591	-9.260134	1.285955
31110397	-9.261514	1.285995
31133800	-9.264344	1.286031
31165004	-9.265661	1.285845
31196208	-9.266444	1.286049
31204009	-9.111065	1.288870
31211811	-9.111065	1.288870
31235214	-9.114221	1.288892
31266418	-9.115773	1.288713
31297622	-9.116927	1.288888
31344428	-9.118887	1.288770
31375632	-9.120784	1.288648
31406836	-9.122394	1.288737
31438040	-9.123685	1.288559
31484846	-9.125189	1.288591
31523851	-9.128674	1.288714
31570657	-9.131958	1.288539
31601861	-9.133576	1.288372
31633065	-9.134920	1.288531
31679871	-9.136647	1.288419
31711075	-9.139427	1.288251
31742279	-9.140722	1.288431
31773483	-9.141644	1.288151
31820289	-9.144415	1.288198
31851493	-9.146130	1.288267
31882697	-9.147732	1.288099
31913901	-9.149068	1.288261
31960707	-9.150819	1.288147
31991911	-9.153537	1.287984
32023115	-9.154761	1.288163
32054319	-9.155782	1.287882
32101125	-9.158517	1.287931
32132329	-9.160231	1.287993
32163533	-9.161877	1.287834
32194737	-9.163226	1.287990
32225941	-9.164100	1.287728
32272747	-9.166619	1.287774
32303951	-9.168309	1.287844
32335155	-9.169860	1.287678
32366359	-9.170914	1.287853
32413165	-9.172806	1.287736
32444369	-9.174669	1.287609
32475573	-9.176138	1.287713
32506777	-9.177102	1.287522
32553583	-9.178879	1.287555
32584787	-9.180768	1.287614
32615991	-9.181774	1.287445
32662797	-9.183383	1.287474
32694001	-9.185542	1.287537
32740807	-9.186837	1.287451
32764210	-9.189988	1.287316
32795414	-9.191458	1.287425
32826618	-9.192491	1.287228
32873424	-9.194200	1.287264
32904628	-9.196209	1.287328
32935832	-9.197217	1.287144
32982638	-9.198873	1.287178
33013842	-9.200941	1.287243
33045046	-9.201575	1.287049
33091852	-9.203660	1.287079
33123056	-9.205188	1.287142
33154260	-9.206120	1.286991
33201066	-9.207689	1.287016
33232270	-9.209742	1.287069
33279076	-9.210982	1.286991
33310280	-9.216616	1.286734
33357086	-9.219051	1.286778
33388290	-9.220627	1.286857
33419494	-9.221879	1.286686
33466300	-9.223245	1.286724
33489703	-9.226150	1.286762
33520907	-9.227430	1.286573
33567713	-9.228890	1.286615
33614519	-9.231265	1.286648
33645723	-9.232757	1.286485
33676927	-9.233736	1.286663
33723733	-9.235615	1.286544
33754937	-9.237390	1.286419
33786141	-9.238782	1.286527
33817345	-9.239570	1.286329
33864151	-9.241469	1.286364
33895355	-9.243099	1.286426
33926559	-9.244095	1.286266
33973365	-9.245579	1.286296
34004569	-9.247983	1.286382
34051375	-9.249791	1.286272
34082579	-9.251483	1.286146
34113783	-9.252375	1.286285
34160589	-9.254020	1.286186
34191793	-9.255871	1.286057
34238599	-9.257007	1.286091
34254201	-9.261308	1.286504
34301007	-9.286442	1.285716
34324410	-9.111065	1.288870
34332212	-9.111065	1.288870
34355615	-9.114221	1.288892
34386819	-9.115773	1.288713
34418023	-9.116927	1.288888
34464829	-9.118887	1.288770
34496033	-9.120784	1.288648
34527237	-9.122394	1.288737
34558441	-9.123685	1.288559
34605247	-9.125189	1.288591
34644252	-9.128674	1.288714
34691058	-9.131958	1.288539
34722262	-9.133576	1.288372
34753466	-9.134920	1.288531
34800272	-9.136647	1.288419
34831476	-9.139427	1.288251
34862680	-9.140722	1.288431
34893884	-9.141644	1.288151
34940690	-9.144415	1.288198
34971894	-9.146130	1.288267
35003098	-9.147732	1.288099
35034302	-9.149068	1.288261
35081108	-9.150819	1.288147
35112312	-9.153537	1.287984
35143516	-9.154761	1.288163
35174720	-9.155782	1.287882
35221526	-9.158517	1.287931
35252730	-9.160231	1.287993
35283934	-9.161877	1.287834
35315138	-9.163226	1.287990
35346342	-9.164100	1.287728
35393148	-9.166619	1.287774
35424352	-9.168309	1.287844
35455556	-9.169860	1.287678
35486760	-9.170914	1.287853
35533566	-9.172806	1.287736
35564770	-9.174669	1.287609
35595974	-9.176138	1.287713
35627178	-9.177102	1.287522
35673984	-9.178879	1.287555
35705188	-9.180768	1.287614
35736392	-9.181774	1.287445
35783198	-9.183383	1.287474
35814402	-9.185542	1.287537
35861208	-9.186837	1.287451
35884611	-9.189988	1.287316
35915815	-9.191458	1.287425
35947019	-9.192491	1.287228
35993825	-9.194200	1.287264
36025029	-9.196209	1.287328
36056233	-9.197217	1.287144
36103039	-9.198873	1.287178
36134243	-9.200941	1.287243
36165447	-9.201573	1.287049
36212253	-9.203661	1.287079
36243457	-9.205188	1.287142
36274661	-9.206119	1.286991
36321467	-9.207689	1.287016
36352671	-9.209737	1.287069
36399477	-9.210973	1.286991
36430681	-9.216726	1.286731
36477487	-9.219190	1.286775
36508691	-9.220761	1.286855
36539895	-9.222009	1.286683
36586701	-9.223384	1.286721
36610104	-9.226271	1.286761
36641308	-9.227544	1.286570
36688114	-9.229016	1.286612
36727119	-9.231110	1.286640
36758323	-9.232711	1.286502
36789527	-9.234033	1.286624
36836333	-9.235355	1.286531
36859736	-9.238380	1.286398
36890940	-9.239862	1.286510
36922144	-9.241162	1.286305
36953348	-9.241892	1.286524
37000154	-9.244178	1.286390
37031358	-9.245722	1.286254
37062562	-9.246789	1.286389
37109368	-9.248285	1.286294
37140572	-9.250748	1.286112
37187378	-9.252541	1.286154
37218582	-9.254346	1.286213
37249786	-9.255632	1.286045
37296592	-9.256954	1.286085
37319995	-9.259904	1.286109
37351199	-9.261285	1.285935
37382403	-9.262116	1.286130
37429209	-9.264206	1.286001
37444811	-9.264206	1.286001
37452613	-9.264206	1.286001
37483817	-9.265845	1.285877
37515021	-9.267193	1.285983
37546225	-9.267830	1.285785
37593031	-9.269856	1.285820
37624235	-9.271357	1.285884
37655439	-9.272271	1.285727
37702245	-9.273791	1.285756
37733449	-9.275830	1.285817
37780255	-9.277113	1.285733
37803658	-9.279966	1.285594
37834862	-9.280758	1.285750
37881668	-9.282550	1.285643
37912872	-9.284184	1.285519
37944076	-9.284970	1.285659
37990882	-9.286675	1.285559
38022086	-9.288337	1.285440
38053290	-9.288889	1.285585
38100096	-9.290804	1.285481
38131300	-9.292206	1.285372
38162504	-9.292650	1.285506
38209310	-9.294640	1.285404
38240514	-9.295977	1.285303
38287320	-9.296993	1.285326
38302922	-9.329974	1.284974
38349728	-9.339161	1.284611
38396534	-9.341046	1.284497
38427738	-9.342747	1.284397
38458942	-9.344213	1.284458
38490146	-9.345496	1.284304
38521350	-9.346530	1.284457
38568156	-9.348335	1.284346
38599360	-9.349998	1.284244
38630564	-9.351398	1.284318
38661768	-9.352539	1.284152
38708574	-9.353955	1.284186
38739778	-9.355944	1.284324
38786584	-9.360454	1.284124
38817788	-9.361725	1.283981
38848992	-9.362794	1.284116
38895798	-9.364679	1.284010
38927002	-9.366381	1.283918
38958206	-9.367817	1.283973
38989410	-9.369085	1.283835
39020614	-9.370127	1.283967
39067420	-9.372015	1.283862
39098624	-9.373698	1.283772
39129828	-9.375127	1.283824
39161032	-9.376385	1.283689
39192236	-9.377417	1.283818
39239042	-9.379300	1.283715
39270246	-9.380969	1.283627
39301450	-9.382389	1.283677
39332654	-9.383636	1.283545
39363858	-9.384658	1.283671
39410664	-9.386534	1.283569
39441868	-9.388185	1.283482
39473072	-9.389597	1.283531
39504276	-9.390831	1.283400
39535480	-9.391853	1.283526
39582286	-9.393700	1.283424
39613490	-9.395340	1.283338
39644694	-9.396738	1.283386
39675898	-9.397955	1.283258
39707102	-9.398956	1.283378
39753908	-9.400778	1.283282
39785112	-9.402389	1.283194
39816316	-9.403764	1.283249
39847520	-9.404925	1.283107
39878724	-9.405640	1.283268
39925530	-9.407675	1.283149
39956734	-9.409116	1.283051
39987938	-9.410299	1.283133
40019142	-9.410866	1.282961
40065948	-9.412766	1.282990
40097152	-9.414112	1.283040
40128356	-9.414934	1.282901
40175162	-9.416333	1.282928
40206366	-9.418231	1.282986
40253172	-9.419703	1.282899
40284376	-9.421473	1.282782
40331182	-9.422655	1.282808
40354585	-9.425273	1.282803
40385789	-9.426461	1.282686
40416993	-9.427386	1.282801
40463799	-9.429139	1.282708
40495003	-9.430678	1.282624
40526207	-9.431960	1.282680
40557411	-9.432981	1.282542
40565212	-9.264206	1.286001
40573014	-9.264206	1.286001
40604218	-9.265845	1.285877
40635422	-9.267193	1.285983
40666626	-9.267830	1.285785
40713432	-9.269856	1.285820
40744636	-9.271357	1.285884
40775840	-9.272271	1.285727
40822646	-9.273791	1.285756
40853850	-9.275830	1.285817
40900656	-9.277113	1.285733
40924059	-9.279966	1.285594
40955263	-9.280758	1.285750
41002069	-9.282550	1.285643
41033273	-9.284184	1.285519
41064477	-9.284970	1.285659
41111283	-9.286675	1.285559
41142487	-9.288337	1.285440
41173691	-9.288889	1.285585
41220497	-9.290804	1.285481
41251701	-9.292206	1.285372
41282905	-9.292650	1.285506
41329711	-9.294640	1.285404
41360915	-9.295977	1.285303
41407721	-9.296993	1.285326
41423323	-9.329974	1.284974
41470129	-9.339161	1.284611
41516935	-9.341046	1.284497
41548139	-9.342747	1.284397
41579343	-9.344213	1.284458
41610547	-9.345496	1.284304
41641751	-9.346530	1.284457
41688557	-9.348335	1.284346
41719761	-9.349998	1.284244
41750965	-9.351398	1.284318
41782169	-9.352539	1.284152
41828975	-9.353955	1.284186
41860179	-9.355944	1.284324
41906985	-9.360454	1.284124
41938189	-9.361725	1.283981
41969393	-9.362794	1.284116
42016199	-9.364679	1.284010
42047403	-9.366381	1.283918
42078607	-9.367817	1.283973
42109811	-9.369085	1.283835
42141015	-9.370127	1.283967
42187821	-9.372015	1.283862
42219025	-9.373698	1.283772
42250229	-9.375127	1.283824
42281433	-9.376385	1.283689
42312637	-9.377417	1.283818
42359443	-9.379300	1.283715
42390647	-9.380969	1.283627
42421851	-9.382389	1.283677
42453055	-9.383636	1.283545
42484259	-9.384658	1.283671
42531065	-9.386534	1.283569
42562269	-9.388185	1.283482
42593473	-9.389597	1.283531
42624677	-9.390831	1.283400
42655881	-9.391853	1.283526
42702687	-9.393700	1.283424
42733891	-9.395340	1.283338
42765095	-9.396738	1.283386
42796299	-9.397955	1.283258
42827503	-9.398956	1.283378
42874309	-9.400778	1.283282
42905513	-9.402389	1.283194
42936717	-9.403764	1.283249
42967921	-9.404925	1.283107
42999125	-9.405640	1.283268
43045931	-9.407675	1.283149
43077135	-9.409116	1.283051
43108339	-9.410299	1.283133
43139543	-9.410866	1.282961
43186349	-9.412766	1.282990
43217553	-9.414112	1.283040
43248757	-9.414934	1.282901
43295563	-9.416333	1.282928
43326767	-9.418231	1.282986
43373573	-9.419703	1.282899
43404777	-9.421474	1.282782
43451583	-9.422656	1.282808
43474986	-9.425273	1.282803
43506190	-9.426460	1.282686
43537394	-9.427384	1.282801
43584200	-9.429138	1.282708
43615404	-9.430675	1.282624
43646608	-9.431956	1.282680
43677812	-9.432974	1.282542
43685613	-9.264206	1.286001
43693415	-9.264206	1.286001
43724619	-9.265845	1.285877
43755823	-9.267193	1.285983
43787027	-9.267830	1.285785
43833833	-9.269856	1.285820
43865037	-9.271357	1.285884
43896241	-9.272271	1.285727
43943047	-9.273791	1.285756
43974251	-9.275830	1.285817
44021057	-9.277113	1.285733
44044460	-9.279966	1.285594
44075664	-9.280758	1.285750
44122470	-9.282550	1.285643
44153674	-9.284184	1.285519
44184878	-9.284970	1.285659
44231684	-9.286675	1.285559
44262888	-9.288337	1.285440
44294092	-9.288889	1.285585
44340898	-9.290804	1.285481
44372102	-9.292206	1.285372
44403306	-9.292650	1.285506
44450112	-9.294640	1.285404
44481316	-9.295977	1.285303
44528122	-9.296993	1.285326
44543724	-9.329974	1.284974
44590530	-9.339161	1.284611
44637336	-9.341046	1.284497
44668540	-9.342747	1.284397
44699744	-9.344213	1.284458
44730948	-9.345496	1.284304
44762152	-9.346530	1.284457
44808958	-9.348335	1.284346
44840162	-9.349998	1.284244
44871366	-9.351398	1.284318
44902570	-9.352539	1.284152
44949376	-9.353955	1.284186
44980580	-9.355944	1.284324
45027386	-9.360454	1.284124
45058590	-9.361725	1.283981
45089794	-9.362794	1.284116
45136600	-9.364679	1.284010
45167804	-9.366381	1.283918
45199008	-9.367817	1.283973
45230212	-9.369085	1.283835
45261416	-9.370127	1.283967
45308222	-9.372015	1.283862
45339426	-9.373698	1.283772
45370630	-9.375127	1.283824
45401834	-9.376385	1.283689
45433038	-9.377417	1.283818
45479844	-9.379300	1.283715
45511048	-9.380969	1.283627
45542252	-9.382389	1.283677
45573456	-9.383636	1.283545
45604660	-9.384658	1.283671
45651466	-9.386534	1.283569
45682670	-9.388185	1.283482
45713874	-9.389597	1.283531
45745078	-9.390831	1.283400
45776282	-9.391853	1.283526
45823088	-9.393700	1.283424
45854292	-9.395340	1.283338
45885496	-9.396738	1.283386
45916700	-9.397955	1.283258
45947904	-9.398956	1.283378
45994710	-9.400778	1.283282
46025914	-9.402389	1.283194
46057118	-9.403764	1.283249
46088322	-9.404925	1.283107
46119526	-9.405640	1.283268
46166332	-9.407675	1.283149
46197536	-9.409116	1.283051
46228740	-9.410299	1.283133
46259944	-9.410866	1.282961
46306750	-9.412766	1.282990
46337954	-9.414112	1.283040
46369158	-9.414934	1.282901
46415964	-9.416333	1.282928
46447168	-9.418231	1.282986
46493974	-9.419703	1.282899
46525178	-9.421474	1.282782
46571984	-9.422656	1.282808
46595387	-9.425273	1.282803
46626591	-9.426461	1.282686
46657795	-9.427385	1.282801
46704601	-9.429139	1.282708
46735805	-9.430677	1.282624
46767009	-9.431959	1.282680
46798213	-9.432979	1.282542
46806014	-9.264206	1.286001
46813816	-9.264206	1.286001
46845020	-9.265845	1.285877
46876224	-9.267193	1.285983
46907428	-9.267830	1.285785
46954234	-9.269856	1.285820
46985438	-9.271357	1.285884
47016642	-9.272271	1.285727
47063448	-9.273791	1.285756
47094652	-9.275830	1.285817
47141458	-9.277113	1.285733
47164861	-9.279966	1.285594
47196065	-9.280758	1.285750
47242871	-9.282550	1.285643
47274075	-9.284184	1.285519
47305279	-9.284970	1.285659
47352085	-9.286675	1.285559
47383289	-9.288337	1.285440
47414493	-9.288889	1.285585
47461299	-9.290804	1.285481
47492503	-9.292206	1.285372
47523707	-9.292650	1.285506
47570513	-9.294640	1.285404
47601717	-9.295977	1.285303
47648523	-9.296993	1.285326
47664125	-9.329974	1.284974
47710931	-9.339161	1.284611
47757737	-9.341046	1.284497
47788941	-9.342747	1.284397
47820145	-9.344213	1.284458
47851349	-9.345496	1.284304
47882553	-9.346530	1.284457
47929359	-9.348335	1.284346
47960563	-9.349998	1.284244
47991767	-9.351398	1.284318
48022971	-9.352539	1.284152
48069777	-9.353955	1.284186
48100981	-9.355944	1.284324
48147787	-9.360454	1.284124
48178991	-9.361725	1.283981
48210195	-9.362794	1.284116
48257001	-9.364679	1.284010
48288205	-9.366381	1.283918
48319409	-9.367817	1.283973
48350613	-9.369085	1.283835
48381817	-9.370127	1.283967
48428623	-9.372015	1.283862
48459827	-9.373698	1.283772
48491031	-9.375127	1.283824
48522235	-9.376385	1.283689
48553439	-9.377417	1.283818
48600245	-9.379300	1.283715
48631449	-9.380969	1.283627
48662653	-9.382389	1.283677
48693857	-9.383636	1.283545
48725061	-9.384658	1.283671
48771867	-9.386534	1.283569
48803071	-9.388185	1.283482
48834275	-9.389597	1.283531
48865479	-9.390831	1.283400
48896683	-9.391853	1.283526
48943489	-9.393700	1.283424
48974693	-9.395340	1.283338
49005897	-9.396738	1.283386
49037101	-9.397955	1.283258
49068305	-9.398956	1.283378
49115111	-9.400778	1.283282
49146315	-9.402389	1.283194
49177519	-9.403764	1.283249
49208723	-9.404925	1.283107
49239927	-9.405640	1.283268
49286733	-9.407675	1.283149
49317937	-9.409116	1.283051
49349141	-9.410299	1.283133
49380345	-9.410866	1.282961
49427151	-9.412766	1.282990
49458355	-9.414112	1.283040
49489559	-9.414934	1.282901
49536365	-9.416333	1.282928
49567569	-9.418231	1.282986
49614375	-9.419703	1.282899
49645579	-9.421474	1.282782
49692385	-9.422656	1.282808
49715788	-9.425273	1.282803
49746992	-9.426460	1.282686
49778196	-9.427385	1.282801
49825002	-9.429138	1.282708
49856206	-9.430676	1.282624
49887410	-9.431958	1.282680
49918614	-9.432977	1.282542
49926415	-9.264206	1.286001
49934217	-9.264206	1.286001
49965421	-9.265845	1.285877
49996625	-9.267193	1.285983
50027829	-9.267830	1.285785
50074635	-9.269856	1.285820
50105839	-9.271357	1.285884
50137043	-9.272271	1.285727
50183849	-9.273791	1.285756
50215053	-9.275830	1.285817
50261859	-9.277113	1.285733
50285262	-9.279966	1.285594
50316466	-9.280758	1.285750
50363272	-9.282550	1.285643
50394476	-9.284184	1.285519
50425680	-9.284970	1.285659
50472486	-9.286675	1.285559
50503690	-9.288337	1.285440
50534894	-9.288889	1.285585
50581700	-9.290804	1.285481
50612904	-9.292206	1.285372
50644108	-9.292650	1.285506
50690914	-9.294640	1.285404
50722118	-9.295977	1.285303
50768924	-9.296993	1.285326
50784526	-9.329974	1.284974
50831332	-9.339161	1.284611
50878138	-9.341046	1.284497
50909342	-9.342747	1.284397
50940546	-9.344213	1.284458
50971750	-9.345496	1.284304
51002954	-9.346530	1.284457
51049760	-9.348335	1.284346
51080964	-9.349998	1.284244
51112168	-9.351398	1.284318
51143372	-9.352539	1.284152
51190178	-9.353955	1.284186
51221382	-9.355944	1.284324
51268188	-9.360454	1.284124
51299392	-9.361725	1.283981
51330596	-9.362794	1.284116
51377402	-9.364679	1.284010
51408606	-9.366381	1.283918
51439810	-9.367817	1.283973
51471014	-9.369085	1.283835
51502218	-9.370127	1.283967
51549024	-9.372015	1.283862
51580228	-9.373698	1.283772
51611432	-9.375127	1.283824
51642636	-9.376385	1.283689
51673840	-9.377417	1.283818
51720646	-9.379300	1.283715
51751850	-9.380969	1.283627
51783054	-9.382389	1.283677
51814258	-9.383636	1.283545
51845462	-9.384658	1.283671
51892268	-9.386534	1.283569
51923472	-9.388185	1.283482
51954676	-9.389597	1.283531
51985880	-9.390831	1.283400
52017084	-9.391853	1.283526
52063890	-9.393700	1.283424
52095094	-9.395340	1.283338
52126298	-9.396738	1.283386
52157502	-9.397955	1.283258
52188706	-9.398956	1.283378
52235512	-9.400778	1.283282
52266716	-9.402389	1.283194
52297920	-9.403764	1.283249
52329124	-9.404925	1.283107
52360328	-9.405640	1.283268
52407134	-9.407675	1.283149
52438338	-9.409116	1.283051
52469542	-9.410299	1.283133
52500746	-9.410866	1.282961
52547552	-9.412766	1.282990
52578756	-9.414112	1.283040
52609960	-9.414934	1.282901
52656766	-9.416333	1.282928
52687970	-9.418231	1.282986
52734776	-9.419703	1.282899
52765980	-9.421474	1.282782
52812786	-9.422656	1.282808
52836189	-9.425273	1.282803
52867393	-9.426461	1.282686
52898597	-9.427385	1.282801
52945403	-9.429139	1.282708
52976607	-9.430677	1.282624
53007811	-9.431959	1.282680
53039015	-9.432979	1.282542
53046816	-9.264206	1.286001
53054618	-9.264206	1.286001
53085822	-9.265845	1.285877
53117026	-9.267193	1.285983
53148230	-9.267830	1.285785
53195036	-9.269856	1.285820
53226240	-9.271357	1.285884
53257444	-9.272271	1.285727
53304250	-9.273791	1.285756
53335454	-9.275830	1.285817
53382260	-9.277113	1.285733
53405663	-9.279966	1.285594
53436867	-9.280758	1.285750
53483673	-9.282550	1.285643
53514877	-9.284184	1.285519
53546081	-9.284970	1.285659
53592887	-9.286675	1.285559
53624091	-9.288337	1.285440
53655295	-9.288889	1.285585
53702101	-9.290804	1.285481
53733305	-9.292206	1.285372
53764509	-9.292650	1.285506
53811315	-9.294640	1.285404
53842519	-9.295977	1.285303
53889325	-9.296993	1.285326
53904927	-9.329974	1.284974
53951733	-9.339161	1.284611
53998539	-9.341046	1.284497
54029743	-9.342747	1.284397
54060947	-9.344213	1.284458
54092151	-9.345496	1.284304
54123355	-9.346530	1.284457
54170161	-9.348335	1.284346
54201365	-9.349998	1.284244
54232569	-9.351398	1.284318
54263773	-9.352539	1.284152
54310579	-9.353955	1.284186
54341783	-9.355944	1.284324
54388589	-9.360454	1.284124
54419793	-9.361725	1.283981
54450997	-9.362794	1.284116
54497803	-9.364679	1.284010
54529007	-9.366381	1.283918
54560211	-9.367817	1.283973
54591415	-9.369085	1.283835
54622619	-9.370127	1.283967
54669425	-9.372015	1.283862
54700629	-9.373698	1.283772
54731833	-9.375127	1.283824
54763037	-9.376385	1.283689
54794241	-9.377417	1.283818
54841047	-9.379300	1.283715
54872251	-9.380969	1.283627
54903455	-9.382389	1.283677
54934659	-9.383636	1.283545
54965863	-9.384658	1.283671
55012669	-9.386534	1.283569
55043873	-9.388185	1.283482
55075077	-9.389597	1.283531
55106281	-9.390831	1.283400
55137485	-9.391853	1.283526
55184291	-9.393700	1.283424
55215495	-9.395340	1.283338
55246699	-9.396738	1.283386
55277903	-9.397955	1.283258
55309107	-9.398956	1.283378
55355913	-9.400778	1.283282
55387117	-9.402389	1.283194
55418321	-9.403764	1.283249
55449525	-9.404925	1.283107
55480729	-9.405640	1.283268
55527535	-9.407675	1.283149
55558739	-9.409116	1.283051
55589943	-9.410299	1.283133
55621147	-9.410866	1.282961
55667953	-9.412766	1.282990
55699157	-9.414112	1.283040
55730361	-9.414934	1.282901
55777167	-9.416333	1.282928
55808371	-9.418231	1.282986
55855177	-9.419703	1.282899
55886381	-9.421474	1.282782
55933187	-9.422656	1.282808
55956590	-9.425273	1.282803
55987794	-9.426460	1.282686
56018998	-9.427384	1.282801
56065804	-9.429138	1.282708
56097008	-9.430674	1.282624
56128212	-9.431955	1.282680
56159416	-9.432974	1.282542
56167217	-9.264206	1.286001
56175019	-9.264206	1.286001
56206223	-9.265845	1.285877
56237427	-9.267193	1.285983
56268631	-9.267830	1.285785
56315437	-9.269856	1.285820
56346641	-9.271357	1.285884
56377845	-9.272271	1.285727
56424651	-9.273791	1.285756
56455855	-9.275830	1.285817
56502661	-9.277113	1.285733
56526064	-9.279966	1.285594
56557268	-9.280758	1.285750
56604074	-9.282550	1.285643
56635278	-9.284184	1.285519
56666482	-9.284970	1.285659
56713288	-9.286675	1.285559
56744492	-9.288337	1.285440
56775696	-9.288889	1.285585
56822502	-9.290804	1.285481
56853706	-9.292206	1.285372
56884910	-9.292650	1.285506
56931716	-9.294640	1.285404
56962920	-9.295977	1.285303
57009726	-9.296993	1.285326
57025328	-9.329974	1.284974
57072134	-9.339161	1.284611
57118940	-9.341046	1.284497
57150144	-9.342747	1.284397
57181348	-9.344213	1.284458
57212552	-9.345496	1.284304
57243756	-9.346530	1.284457
57290562	-9.348335	1.284346
57321766	-9.349998	1.284244
57352970	-9.351398	1.284318
57384174	-9.352539	1.284152
57430980	-9.353955	1.284186
57462184	-9.355944	1.284324
57508990	-9.360454	1.284124
57540194	-9.361725	1.283981
57571398	-9.362794	1.284116
57618204	-9.364679	1.284010
57649408	-9.366381	1.283918
57680612	-9.367817	1.283973
57711816	-9.369085	1.283835
57743020	-9.370127	1.283967
57789826	-9.372015	1.283862
57821030	-9.373698	1.283772
57852234	-9.375127	1.283824
57883438	-9.376385	1.283689
57914642	-9.377417	1.283818
57961448	-9.379300	1.283715
57992652	-9.380969	1.283627
58023856	-9.382389	1.283677
58055060	-9.383636	1.283545
58086264	-9.384658	1.283671
58133070	-9.386534	1.283569
58164274	-9.388185	1.283482
58195478	-9.389597	1.283531
58226682	-9.390831	1.283400
58257886	-9.391853	1.283526
58304692	-9.393700	1.283424
58335896	-9.395340	1.283338
58367100	-9.396738	1.283386
58398304	-9.397955	1.283258
58429508	-9.398956	1.283378
58476314	-9.400778	1.283282
58507518	-9.402389	1.283194
58538722	-9.403764	1.283249
58569926	-9.404925	1.283107
58601130	-9.405640	1.283268
58647936	-9.407675	1.283149
58679140	-9.409116	1.283051
58710344	-9.410299	1.283133
58741548	-9.410866	1.282961
58788354	-9.412766	1.282990
58819558	-9.414112	1.283040
58850762	-9.414934	1.282901
58897568	-9.416333	1.282928
58928772	-9.418231	1.282986
58975578	-9.419703	1.282899
59006782	-9.421474	1.282782
59053588	-9.422656	1.282808
59076991	-9.425273	1.282803
59108195	-9.426460	1.282686
59139399	-9.427384	1.282801
59186205	-9.429138	1.282708
59217409	-9.430675	1.282624
59248613	-9.431956	1.282680
59279817	-9.432974	1.282542
59287618	-9.264206	1.286001
59295420	-9.264206	1.286001
59326624	-9.265845	1.285877
59357828	-9.267193	1.285983
59389032	-9.267830	1.285785
59435838	-9.269856	1.285820
59467042	-9.271357	1.285884
59498246	-9.272271	1.285727
59545052	-9.273791	1.285756
59576256	-9.275830	1.285817
59623062	-9.277113	1.285733
59646465	-9.279966	1.285594
59677669	-9.280758	1.285750
59724475	-9.282550	1.285643
59755679	-9.284184	1.285519
59786883	-9.284970	1.285659
59833689	-9.286675	1.285559
59864893	-9.288337	1.285440
59896097	-9.288889	1.285585
59942903	-9.290804	1.285481
59974107	-9.292206	1.285372
60005311	-9.292650	1.285506
60052117	-9.294640	1.285404
60083321	-9.295977	1.285303
60130127	-9.296993	1.285326
60145729	-9.329974	1.284974
60192535	-9.339161	1.284611
60239341	-9.341046	1.284497
60270545	-9.342747	1.284397
60301749	-9.344213	1.284458
60332953	-9.345496	1.284304
60364157	-9.346530	1.284457
60410963	-9.348335	1.284346
60442167	-9.349998	1.284244
60473371	-9.351398	1.284318
60504575	-9.352539	1.284152
60551381	-9.353955	1.284186
60582585	-9.355944	1.284324
60629391	-9.360454	1.284124
60660595	-9.361725	1.283981
60691799	-9.362794	1.284116
60738605	-9.364679	1.284010
60769809	-9.366381	1.283918
60801013	-9.367817	1.283973
60832217	-9.369085	1.283835
60863421	-9.370127	1.283967
60910227	-9.372015	1.283862
60941431	-9.373698	1.283772
60972635	-9.375127	1.283824
61003839	-9.376385	1.283689
61035043	-9.377417	1.283818
61081849	-9.379300	1.283715
61113053	-9.380969	1.283627
61144257	-9.382389	1.283677
61175461	-9.383636	1.283545
61206665	-9.384658	1.283671
61253471	-9.386534	1.283569
61284675	-9.388185	1.283482
61315879	-9.389597	1.283531
61347083	-9.390831	1.283400
61378287	-9.391853	1.283526
61425093	-9.393700	1.283424
61456297	-9.395340	1.283338
61487501	-9.396738	1.283386
61518705	-9.397955	1.283258
61549909	-9.398956	1.283378
61596715	-9.400778	1.283282
61627919	-9.402389	1.283194
61659123	-9.403764	1.283249
61690327	-9.404925	1.283107
61721531	-9.405640	1.283268
61768337	-9.407675	1.283149
61799541	-9.409116	1.283051
61830745	-9.410299	1.283133
61861949	-9.410866	1.282961
61908755	-9.412766	1.282990
61939959	-9.414112	1.283040
61971163	-9.414934	1.282901
62017969	-9.416333	1.282928
62049173	-9.418232	1.282986
62095979	-9.419703	1.282899
62127183	-9.421473	1.282782
62173989	-9.422655	1.282808
62197392	-9.425273	1.282803
62228596	-9.426461	1.282686
62259800	-9.427387	1.282801
62306606	-9.429140	1.282707
62337810	-9.430680	1.282624
62369014	-9.431963	1.282680
62400218	-9.432985	1.282542
62408019	-9.264206	1.286001
62415821	-9.264206	1.286001
62447025	-9.265845	1.285877
62478229	-9.267193	1.285983
62509433	-9.267830	1.285785
62556239	-9.269856	1.285820
62587443	-9.271357	1.285884
62618647	-9.272271	1.285727
62665453	-9.273791	1.285756
62696657	-9.275830	1.285817
62743463	-9.277113	1.285733
62766866	-9.279966	1.285594
62798070	-9.280758	1.285750
62844876	-9.282550	1.285643
62876080	-9.284184	1.285519
62907284	-9.284970	1.285659
62954090	-9.286675	1.285559
62985294	-9.288337	1.285440
63016498	-9.288889	1.285585
63063304	-9.290804	1.285481
63094508	-9.292206	1.285372
63125712	-9.292650	1.285506
63172518	-9.294640	1.285404
63203722	-9.295977	1.285303
63250528	-9.296993	1.285326
63266130	-9.329974	1.284974
63312936	-9.339161	1.284611
63359742	-9.341046	1.284497
63390946	-9.342747	1.284397
63422150	-9.344213	1.284458
63453354	-9.345496	1.284304
63484558	-9.346530	1.284457
63531364	-9.348335	1.284346
63562568	-9.349998	1.284244
63593772	-9.351398	1.284318
63624976	-9.352539	1.284152
63671782	-9.353955	1.284186
63702986	-9.355944	1.284324
63749792	-9.360454	1.284124
63780996	-9.361725	1.283981
63812200	-9.362794	1.284116
63859006	-9.364679	1.284010
63890210	-9.366381	1.283918
63921414	-9.367817	1.283973
63952618	-9.369085	1.283835
63983822	-9.370127	1.283967
64030628	-9.372015	1.283862
64061832	-9.373698	1.283772
64093036	-9.375127	1.283824
64124240	-9.376385	1.283689
64155444	-9.377417	1.283818
64202250	-9.379300	1.283715
64233454	-9.380969	1.283627
64264658	-9.382389	1.283677
64295862	-9.383636	1.283545
64327066	-9.384658	1.283671
64373872	-9.386534	1.283569
64405076	-9.388185	1.283482
64436280	-9.389597	1.283531
64467484	-9.390831	1.283400
64498688	-9.391853	1.283526
64545494	-9.393700	1.283424
64576698	-9.395340	1.283338
64607902	-9.396738	1.283386
64639106	-9.397955	1.283258
64670310	-9.398956	1.283378
64717116	-9.400778	1.283282
64748320	-9.402389	1.283194
64779524	-9.403764	1.283249
64810728	-9.404925	1.283107
64841932	-9.405640	1.283268
64888738	-9.407675	1.283149
64919942	-9.409116	1.283051
64951146	-9.410299	1.283133
64982350	-9.410866	1.282961
65029156	-9.412766	1.282990
65060360	-9.414112	1.283040
65091564	-9.414934	1.282901
65138370	-9.416333	1.282928
65169574	-9.418231	1.282986
65216380	-9.419703	1.282899
65247584	-9.421474	1.282782
65294390	-9.422656	1.282808
65317793	-9.425273	1.282803
65348997	-9.426460	1.282686
65380201	-9.427384	1.282801
65427007	-9.429138	1.282708
65458211	-9.430675	1.282624
65489415	-9.431956	1.282680
65520619	-9.432975	1.282542
65528420	-9.264206	1.286001
65536222	-9.264206	1.286001
65567426	-9.265845	1.285877
65598630	-9.267193	1.285983
65629834	-9.267830	1.285785
65676640	-9.269856	1.285820
65707844	-9.271357	1.285884
65739048	-9.272271	1.285727
65785854	-9.273791	1.285756
65817058	-9.275830	1.285817
65863864	-9.277113	1.285733
65887267	-9.279966	1.285594
65918471	-9.280758	1.285750
65965277	-9.282550	1.285643
65996481	-9.284184	1.285519
66027685	-9.284970	1.285659
66074491	-9.286675	1.285559
66105695	-9.288337	1.285440
66136899	-9.288889	1.285585
66183705	-9.290804	1.285481
66214909	-9.292206	1.285372
66246113	-9.292650	1.285506
66292919	-9.294640	1.285404
66324123	-9.295977	1.285303
66370929	-9.296993	1.285326
66386531	-9.329974	1.284974
66433337	-9.339161	1.284611
66480143	-9.341046	1.284497
66511347	-9.342747	1.284397
66542551	-9.344213	1.284458
66573755	-9.345496	1.284304
66604959	-9.346530	1.284457
66651765	-9.348335	1.284346
66682969	-9.349998	1.284244
66714173	-9.351398	1.284318
66745377	-9.352539	1.284152
66792183	-9.353955	1.284186
66823387	-9.355944	1.284324
66870193	-9.360454	1.284124
66901397	-9.361725	1.283981
66932601	-9.362794	1.284116
66979407	-9.364679	1.284010
67010611	-9.366381	1.283918
67041815	-9.367817	1.283973
67073019	-9.369085	1.283835
67104223	-9.370127	1.283967
67151029	-9.372015	1.283862
67182233	-9.373698	1.283772
67213437	-9.375127	1.283824
67244641	-9.376385	1.283689
67275845	-9.377417	1.283818
67322651	-9.379300	1.283715
67353855	-9.380969	1.283627
67385059	-9.382389	1.283677
67416263	-9.383636	1.283545
67447467	-9.384658	1.283671
67494273	-9.386534	1.283569
67525477	-9.388185	1.283482
67556681	-9.389597	1.283531
67587885	-9.390831	1.283400
67619089	-9.391853	1.283526
67665895	-9.393700	1.283424
67697099	-9.395340	1.283338
67728303	-9.396738	1.283386
67759507	-9.397955	1.283258
67790711	-9.398956	1.283378
67837517	-9.400778	1.283282
67868721	-9.402389	1.283194
67899925	-9.403764	1.283249
67931129	-9.404925	1.283107
67962333	-9.405640	1.283268
68009139	-9.407675	1.283149
68040343	-9.409116	1.283051
68071547	-9.410299	1.283133
68102751	-9.410866	1.282961
68149557	-9.412766	1.282990
68180761	-9.414112	1.283040
68211965	-9.414934	1.282901
68258771	-9.416333	1.282928
68289975	-9.418231	1.282986
68336781	-9.419702	1.282899
68367985	-9.421474	1.282782
68414791	-9.422656	1.282808
68438194	-9.425272	1.282803
68469398	-9.426459	1.282686
68500602	-9.427382	1.282801
68547408	-9.429137	1.282708
68578612	-9.430673	1.282624
68609816	-9.431953	1.282680
68641020	-9.432970	1.282542
68648821	-9.264206	1.286001
68656623	-9.264206	1.286001
68687827	-9.265845	1.285877
68719031	-9.267193	1.285983
68750235	-9.267830	1.285785
68797041	-9.269856	1.285820
68828245	-9.271357	1.285884
68859449	-9.272271	1.285727
68906255	-9.273791	1.285756
68937459	-9.275830	1.285817
68984265	-9.277113	1.285733
69007668	-9.279966	1.285594
69038872	-9.280758	1.285750
69085678	-9.282550	1.285643
69116882	-9.284184	1.285519
69148086	-9.284970	1.285659
69194892	-9.286675	1.285559
69226096	-9.288337	1.285440
69257300	-9.288889	1.285585
69304106	-9.290804	1.285481
69335310	-9.292206	1.285372
69366514	-9.292650	1.285506
69413320	-9.294640	1.285404
69444524	-9.295977	1.285303
69491330	-9.296993	1.285326
69506932	-9.329974	1.284974
69553738	-9.339161	1.284611
69600544	-9.341046	1.284497
69631748	-9.342747	1.284397
69662952	-9.344213	1.284458
69694156	-9.345496	1.284304
69725360	-9.346530	1.284457
69772166	-9.348335	1.284346
69803370	-9.349998	1.284244
69834574	-9.351398	1.284318
69865778	-9.352539	1.284152
69912584	-9.353955	1.284186
69943788	-9.355944	1.284324
69990594	-9.360454	1.284124
70021798	-9.361725	1.283981
70053002	-9.362794	1.284116
70099808	-9.364679	1.284010
70131012	-9.366381	1.283918
70162216	-9.367817	1.283973
70193420	-9.369085	1.283835
70224624	-9.370127	1.283967
70271430	-9.372015	1.283862
70302634	-9.373698	1.283772
70333838	-9.375127	1.283824
70365042	-9.376385	1.283689
70396246	-9.377417	1.283818
70443052	-9.379300	1.283715
70474256	-9.380969	1.283627
70505460	-9.382389	1.283677
70536664	-9.383636	1.283545
70567868	-9.384658	1.283671
70614674	-9.386534	1.283569
70645878	-9.388185	1.283482
70677082	-9.389597	1.283531
70708286	-9.390831	1.283400
70739490	-9.391853	1.283526
70786296	-9.393700	1.283424
70817500	-9.395340	1.283338
70848704	-9.396738	1.283386
70879908	-9.397955	1.283258
70911112	-9.398956	1.283378
70957918	-9.400778	1.283282
70989122	-9.402389	1.283194
71020326	-9.403764	1.283249
71051530	-9.404925	1.283107
71082734	-9.405640	1.283268
71129540	-9.407675	1.283149
71160744	-9.409116	1.283051
71191948	-9.410299	1.283133
71223152	-9.410866	1.282961
71269958	-9.412766	1.282990
71301162	-9.414112	1.283040
71332366	-9.414934	1.282901
71379172	-9.416333	1.282928
71410376	-9.418231	1.282986
71457182	-9.419703	1.282899
71488386	-9.421474	1.282782
71535192	-9.422656	1.282808
71558595	-9.425273	1.282803
71589799	-9.426460	1.282686
71621003	-9.427384	1.282801
71667809	-9.429138	1.282708
71699013	-9.430674	1.282624
71730217	-9.431955	1.282680
71761421	-9.432973	1.282542
71769222	-9.264206	1.286001
71777024	-9.264206	1.286001
71808228	-9.265845	1.285877
71839432	-9.267193	1.285983
71870636	-9.267830	1.285785
71917442	-9.269856	1.285820
71948646	-9.271357	1.285884
71979850	-9.272271	1.285727
72026656	-9.273791	1.285756
72057860	-9.275830	1.285817
72104666	-9.277113	1.285733
72128069	-9.279966	1.285594
72159273	-9.280758	1.285750
72206079	-9.282550	1.285643
72237283	-9.284184	1.285519
72268487	-9.284970	1.285659
72315293	-9.286675	1.285559
72346497	-9.288337	1.285440
72377701	-9.288889	1.285585
72424507	-9.290804	1.285481
72455711	-9.292206	1.285372
72486915	-9.292650	1.285506
72533721	-9.294640	1.285404
72564925	-9.295977	1.285303
72611731	-9.296993	1.285326
72627333	-9.329974	1.284974
72674139	-9.339161	1.284611
72720945	-9.341046	1.284497
72752149	-9.342747	1.284397
72783353	-9.344213	1.284458
72814557	-9.345496	1.284304
72845761	-9.346530	1.284457
72892567	-9.348335	1.284346
72923771	-9.349998	1.284244
72954975	-9.351398	1.284318
72986179	-9.352539	1.284152
73032985	-9.353955	1.284186
73064189	-9.355944	1.284324
73110995	-9.360454	1.284124
73142199	-9.361725	1.283981
73173403	-9.362794	1.284116
73220209	-9.364679	1.284010
73251413	-9.366381	1.283918
73282617	-9.367817	1.283973
73313821	-9.369085	1.283835
73345025	-9.370127	1.283967
73391831	-9.372015	1.283862
73423035	-9.373698	1.283772
73454239	-9.375127	1.283824
73485443	-9.376385	1.283689
73516647	-9.377417	1.283818
73563453	-9.379300	1.283715
73594657	-9.380969	1.283627
73625861	-9.382389	1.283677
73657065	-9.383636	1.283545
73688269	-9.384658	1.283671
73735075	-9.386534	1.283569
73766279	-9.388185	1.283482
73797483	-9.389597	1.283531
73828687	-9.390831	1.283400
73859891	-9.391853	1.283526
73906697	-9.393700	1.283424
73937901	-9.395340	1.283338
73969105	-9.396738	1.283386
74000309	-9.397955	1.283258
74031513	-9.398956	1.283378
74078319	-9.400778	1.283282
74109523	-9.402389	1.283194
74140727	-9.403764	1.283249
74171931	-9.404925	1.283107
74203135	-9.405640	1.283268
74249941	-9.407675	1.283149
74281145	-9.409116	1.283051
74312349	-9.410299	1.283133
74343553	-9.410866	1.282961
74390359	-9.412766	1.282990
74421563	-9.414112	1.283040
74452767	-9.414934	1.282901
74499573	-9.416333	1.282928
74530777	-9.418231	1.282986
74577583	-9.419702	1.282899
74608787	-9.421474	1.282782
74655593	-9.422656	1.282808
74678996	-9.425272	1.282803
74710200	-9.426460	1.282686
74741404	-9.427383	1.282801
74788210	-9.429137	1.282708
74819414	-9.430674	1.282624
74850618	-9.431955	1.282680
74881822	-9.432973	1.282542
74889623	-9.264206	1.286001
74897425	-9.264206	1.286001
74928629	-9.265845	1.285877
74959833	-9.267193	1.285983
74991037	-9.267830	1.285785
75037843	-9.269856	1.285820
75069047	-9.271357	1.285884
75100251	-9.272271	1.285727
75147057	-9.273791	1.285756
75178261	-9.275830	1.285817
75225067	-9.277113	1.285733
75248470	-9.279966	1.285594
75279674	-9.280758	1.285750
75326480	-9.282550	1.285643
75357684	-9.284184	1.285519
75388888	-9.284970	1.285659
75435694	-9.286675	1.285559
75466898	-9.288337	1.285440
75498102	-9.288889	1.285585
75544908	-9.290804	1.285481
75576112	-9.292206	1.285372
75607316	-9.292650	1.285506
75654122	-9.294640	1.285404
75685326	-9.295977	1.285303
75732132	-9.296993	1.285326
75747734	-9.329974	1.284974
75794540	-9.339161	1.284611
75841346	-9.341046	1.284497
75872550	-9.342747	1.284397
75903754	-9.344213	1.284458
75934958	-9.345496	1.284304
75966162	-9.346530	1.284457
76012968	-9.348335	1.284346
76044172	-9.349998	1.284244
76075376	-9.351398	1.284318
76106580	-9.352539	1.284152
76153386	-9.353955	1.284186
76184590	-9.355944	1.284324
76231396	-9.360454	1.284124
76262600	-9.361725	1.283981
76293804	-9.362794	1.284116
76340610	-9.364679	1.284010
76371814	-9.366381	1.283918
76403018	-9.367817	1.283973
76434222	-9.369085	1.283835
76465426	-9.370127	1.283967
76512232	-9.372015	1.283862
76543436	-9.373698	1.283772
76574640	-9.375127	1.283824
76605844	-9.376385	1.283689
76637048	-9.377417	1.283818
76683854	-9.379300	1.283715
76715058	-9.380969	1.283627
76746262	-9.382389	1.283677
76777466	-9.383636	1.283545
76808670	-9.384658	1.283671
76855476	-9.386534	1.283569
76886680	-9.388185	1.283482
76917884	-9.389597	1.283531
76949088	-9.390831	1.283400
76980292	-9.391853	1.283526
77027098	-9.393700	1.283424
77058302	-9.395340	1.283338
77089506	-9.396738	1.283386
77120710	-9.397955	1.283258
77151914	-9.398956	1.283378
77198720	-9.400778	1.283282
77229924	-9.402389	1.283194
77261128	-9.403764	1.283249
77292332	-9.404925	1.283107
77323536	-9.405640	1.283268
77370342	-9.407675	1.283149
77401546	-9.409116	1.283051
77432750	-9.410299	1.283133
77463954	-9.410866	1.282961
77510760	-9.412766	1.282990
77541964	-9.414112	1.283040
77573168	-9.414934	1.282901
77619974	-9.416333	1.282928
77651178	-9.418231	1.282986
77697984	-9.419702	1.282899
77729188	-9.421474	1.282782
77775994	-9.422657	1.282808
77799397	-9.425272	1.282803
77830601	-9.426459	1.282686
77861805	-9.427382	1.282801
77908611	-9.429136	1.282708
77939815	-9.430671	1.282624
77971019	-9.431951	1.282680
78002223	-9.432967	1.282542
78010024	-9.264206	1.286001
78017826	-9.264206	1.286001
78049030	-9.265845	1.285877
78080234	-9.267193	1.285983
78111438	-9.267830	1.285785
78158244	-9.269856	1.285820
78189448	-9.271357	1.285884
78220652	-9.272271	1.285727
78267458	-9.273791	1.285756
78298662	-9.275830	1.285817
78345468	-9.277113	1.285733
78368871	-9.279966	1.285594
78400075	-9.280758	1.285750
78446881	-9.282550	1.285643
78478085	-9.284184	1.285519
78509289	-9.284970	1.285659
78556095	-9.286675	1.285559
78587299	-9.288337	1.285440
78618503	-9.288889	1.285585
78665309	-9.290804	1.285481
78696513	-9.292206	1.285372
78727717	-9.292650	1.285506
78774523	-9.294640	1.285404
78805727	-9.295977	1.285303
78852533	-9.296993	1.285326
78868135	-9.329974	1.284974
78914941	-9.339161	1.284611
78961747	-9.341046	1.284497
78992951	-9.342747	1.284397
79024155	-9.344213	1.284458
79055359	-9.345496	1.284304
79086563	-9.346530	1.284457
79133369	-9.348335	1.284346
79164573	-9.349998	1.284244
79195777	-9.351398	1.284318
79226981	-9.352539	1.284152
79273787	-9.353955	1.284186
79304991	-9.355944	1.284324
79351797	-9.360454	1.284124
79383001	-9.361725	1.283981
79414205	-9.362794	1.284116
79461011	-9.364679	1.284010
79492215	-9.366381	1.283918
79523419	-9.367817	1.283973
79554623	-9.369085	1.283835
79585827	-9.370127	1.283967
79632633	-9.372015	1.283862
79663837	-9.373698	1.283772
79695041	-9.375127	1.283824
79726245	-9.376385	1.283689
79757449	-9.377417	1.283818
79804255	-9.379300	1.283715
79835459	-9.380969	1.283627
79866663	-9.382389	1.283677
79897867	-9.383636	1.283545
79929071	-9.384658	1.283671
79975877	-9.386534	1.283569
80007081	-9.388185	1.283482
80038285	-9.389597	1.283531
80069489	-9.390831	1.283400
80100693	-9.391853	1.283526
80147499	-9.393700	1.283424
80178703	-9.395340	1.283338
80209907	-9.396738	1.283386
80241111	-9.397955	1.283258
80272315	-9.398956	1.283378
80319121	-9.400778	1.283282
80350325	-9.402389	1.283194
80381529	-9.403764	1.283249
80412733	-9.404925	1.283107
80443937	-9.405640	1.283268
80490743	-9.407675	1.283149
80521947	-9.409116	1.283051
80553151	-9.410299	1.283133
80584355	-9.410866	1.282961
80631161	-9.412766	1.282990
80662365	-9.414112	1.283040
80693569	-9.414934	1.282901
80740375	-9.416333	1.282928
80771579	-9.418231	1.282986
80818385	-9.419703	1.282899
80849589	-9.421474	1.282782
80896395	-9.422656	1.282808
80919798	-9.425273	1.282803
80951002	-9.426460	1.282686
80982206	-9.427384	1.282801
81029012	-9.429138	1.282708
81060216	-9.430675	1.282624
81091420	-9.431956	1.282680
81122624	-9.432975	1.282542
81130425	-9.264206	1.286001
81138227	-9.264206	1.286001
81169431	-9.265845	1.285877
81200635	-9.267193	1.285983
81231839	-9.267830	1.285785
81278645	-9.269856	1.285820
81309849	-9.271357	1.285884
81341053	-9.272271	1.285727
81387859	-9.273791	1.285756
81419063	-9.275830	1.285817
81465869	-9.277113	1.285733
81489272	-9.279966	1.285594
81520476	-9.280758	1.285750
81567282	-9.282550	1.285643
81598486	-9.284184	1.285519
81629690	-9.284970	1.285659
81676496	-9.286675	1.285559
81707700	-9.288337	1.285440
81738904	-9.288889	1.285585
81785710	-9.290804	1.285481
81816914	-9.292206	1.285372
81848118	-9.292650	1.285506
81894924	-9.294640	1.285404
81926128	-9.295977	1.285303
81972934	-9.296993	1.285326
81988536	-9.329974	1.284974
82035342	-9.339161	1.284611
82082148	-9.341046	1.284497
82113352	-9.342747	1.284397
82144556	-9.344213	1.284458
82175760	-9.345496	1.284304
82206964	-9.346530	1.284457
82253770	-9.348335	1.284346
82284974	-9.349998	1.284244
82316178	-9.351398	1.284318
82347382	-9.352539	1.284152
82394188	-9.353955	1.284186
82425392	-9.355944	1.284324
82472198	-9.360454	1.284124
82503402	-9.361725	1.283981
82534606	-9.362794	1.284116
82581412	-9.364679	1.284010
82612616	-9.366381	1.283918
82643820	-9.367817	1.283973
82675024	-9.369085	1.283835
82706228	-9.370127	1.283967
82753034	-9.372015	1.283862
82784238	-9.373698	1.283772
82815442	-9.375127	1.283824
82846646	-9.376385	1.283689
82877850	-9.377417	1.283818
82924656	-9.379300	1.283715
82955860	-9.380969	1.283627
82987064	-9.382389	1.283677
83018268	-9.383636	1.283545
83049472	-9.384658	1.283671
83096278	-9.386534	1.283569
83127482	-9.388185	1.283482
83158686	-9.389597	1.283531
83189890	-9.390831	1.283400
83221094	-9.391853	1.283526
83267900	-9.393700	1.283424
83299104	-9.395340	1.283338
83330308	-9.396738	1.283386
83361512	-9.397955	1.283258
83392716	-9.398956	1.283378
83439522	-9.400778	1.283282
83470726	-9.402389	1.283194
83501930	-9.403764	1.283249
83533134	-9.404925	1.283107
83564338	-9.405640	1.283268
83611144	-9.407675	1.283149
83642348	-9.409116	1.283051
83673552	-9.410299	1.283133
83704756	-9.410866	1.282961
83751562	-9.412766	1.282990
83782766	-9.414112	1.283040
83813970	-9.414934	1.282901
83860776	-9.416333	1.282928
83891980	-9.418231	1.282986
83938786	-9.419703	1.282899
83969990	-9.421474	1.282782
84016796	-9.422656	1.282808
84040199	-9.425273	1.282803
84071403	-9.426460	1.282686
84102607	-9.427384	1.282801
84149413	-9.429138	1.282708
84180617	-9.430674	1.282624
84211821	-9.431955	1.282680
84243025	-9.432973	1.282542
84250826	-9.264206	1.286001
84258628	-9.264206	1.286001
84289832	-9.265845	1.285877
84321036	-9.267193	1.285983
84352240	-9.267830	1.285785
84399046	-9.269856	1.285820
84430250	-9.271357	1.285884
84461454	-9.272271	1.285727
84508260	-9.273791	1.285756
84539464	-9.275830	1.285817
84586270	-9.277113	1.285733
84609673	-9.279966	1.285594
84640877	-9.280758	1.285750
84687683	-9.282550	1.285643
84718887	-9.284184	1.285519
84750091	-9.284970	1.285659
84796897	-9.286675	1.285559
84828101	-9.288337	1.285440
84859305	-9.288889	1.285585
84906111	-9.290804	1.285481
84937315	-9.292206	1.285372
84968519	-9.292650	1.285506
85015325	-9.294640	1.285404
85046529	-9.295977	1.285303
85093335	-9.296993	1.285326
85108937	-9.329974	1.284974
85155743	-9.339161	1.284611
85202549	-9.341046	1.284497
85233753	-9.342747	1.284397
85264957	-9.344213	1.284458
85296161	-9.345496	1.284304
85327365	-9.346530	1.284457
85374171	-9.348335	1.284346
85405375	-9.349998	1.284244
85436579	-9.351398	1.284318
85467783	-9.352539	1.284152
85514589	-9.353955	1.284186
85545793	-9.355944	1.284324
85592599	-9.360454	1.284124
85623803	-9.361725	1.283981
85655007	-9.362794	1.284116
85701813	-9.364679	1.284010
85733017	-9.366381	1.283918
85764221	-9.367817	1.283973
85795425	-9.369085	1.283835
85826629	-9.370127	1.283967
85873435	-9.372015	1.283862
85904639	-9.373698	1.283772
85935843	-9.375127	1.283824
85967047	-9.376385	1.283689
85998251	-9.377417	1.283818
86045057	-9.379300	1.283715
86076261	-9.380969	1.283627
86107465	-9.382389	1.283677
86138669	-9.383636	1.283545
86169873	-9.384658	1.283671
86216679	-9.386534	1.283569
86247883	-9.388185	1.283482
86279087	-9.389597	1.283531
86310291	-9.390831	1.283400
86341495	-9.391853	1.283526
86388301	-9.393700	1.283424
86419505	-9.395340	1.283338
86450709	-9.396738	1.283386
86481913	-9.397955	1.283258
86513117	-9.398956	1.283378
86559923	-9.400778	1.283282
86591127	-9.402389	1.283194
86622331	-9.403764	1.283249
86653535	-9.404925	1.283107
86684739	-9.405640	1.283268
86731545	-9.407675	1.283149
86762749	-9.409116	1.283051
86793953	-9.410299	1.283133
86825157	-9.410866	1.282961
86871963	-9.412766	1.282990
86903167	-9.414112	1.283040
86934371	-9.414934	1.282901
86981177	-9.416333	1.282928
87012381	-9.418231	1.282986
87059187	-9.419703	1.282899
87090391	-9.421474	1.282782
87137197	-9.422656	1.282808
87160600	-9.425273	1.282803
87191804	-9.426460	1.282686
87223008	-9.427384	1.282801
87269814	-9.429138	1.282708
87301018	-9.430675	1.282624
87332222	-9.431956	1.282680
87363426	-9.432975	1.282542
87371227	-9.264206	1.286001
87379029	-9.264206	1.286001
87410233	-9.265845	1.285877
87441437	-9.267193	1.285983
87472641	-9.267830	1.285785
87519447	-9.269856	1.285820
87550651	-9.271357	1.285884
87581855	-9.272271	1.285727
87628661	-9.273791	1.285756
87659865	-9.275830	1.285817
87706671	-9.277113	1.285733
87730074	-9.279966	1.285594
87761278	-9.280758	1.285750
87808084	-9.282550	1.285643
87839288	-9.284184	1.285519
87870492	-9.284970	1.285659
87917298	-9.286675	1.285559
87948502	-9.288337	1.285440
87979706	-9.288889	1.285585
88026512	-9.290804	1.285481
88057716	-9.292206	1.285372
88088920	-9.292650	1.285506
88135726	-9.294640	1.285404
88166930	-9.295977	1.285303
88213736	-9.296993	1.285326
88229338	-9.329974	1.284974
88276144	-9.339161	1.284611
88322950	-9.341046	1.284497
88354154	-9.342747	1.284397
88385358	-9.344213	1.284458
88416562	-9.345496	1.284304
