5401	22.724991	0.006822
10802	22.549668	0.007436
16203	22.316733	0.008256
21604	22.044651	0.009221
27005	21.742421	0.010300
32406	21.415592	0.011475
37807	21.068073	0.012731
43208	20.702877	0.014064
48609	20.322489	0.015471
54010	19.929103	0.016953
59411	19.524737	0.018509
64812	19.111275	0.020138
70213	18.690493	0.021842
75614	18.264131	0.023620
81015	17.833923	0.025472
86416	17.401558	0.027399
91817	16.968610	0.029399
97218	16.536473	0.031470
102619	16.106334	0.033609
108020	15.679146	0.035813
113421	15.255635	0.038082
118822	14.836342	0.040412
124223	14.421671	0.042800
129624	14.011965	0.045243
135025	13.607553	0.047737
140426	13.208742	0.050280
145827	12.815804	0.052868
151228	12.428977	0.055499
156629	12.048460	0.058168
162030	11.674387	0.060875
167431	11.306837	0.063615
172832	10.945858	0.066388
178233	10.591488	0.069190
183634	10.243760	0.072018
189035	9.902710	0.074871
194436	9.568369	0.077746
199837	9.240759	0.080643
205238	8.919883	0.083560
210639	8.605719	0.086496
216040	8.298233	0.089451
221441	7.997372	0.092424
226842	7.703054	0.095413
232243	7.415150	0.098418
237644	7.133462	0.101441
243045	6.857715	0.104485
248446	6.587547	0.107551
253847	6.322519	0.110639
259248	6.062133	0.113749
264649	5.805880	0.116876
270050	5.553260	0.120017
275451	5.303815	0.123170
280852	5.057138	0.126335
286253	4.812876	0.129515
291654	4.570728	0.132714
297055	4.330438	0.135933
302456	4.091787	0.139170
307857	3.854585	0.142419
313258	3.618680	0.145674
318659	3.383955	0.148926
324060	3.150319	0.152163
329461	2.917695	0.155377
334862	2.686016	0.158554
340263	2.455233	0.161683
345664	2.225330	0.164756
351065	1.996343	0.167766
356466	1.768355	0.170709
361867	1.541489	0.173575
367268	1.315889	0.176354
372669	1.091709	0.179030
378070	0.869100	0.181581
383471	0.648199	0.183984
388872	0.429138	0.186219
394273	0.212045	0.188272
399674	-0.002942	0.190140
405075	-0.215678	0.191828
410476	-0.426013	0.193347
415877	-0.633803	0.194711
421278	-0.838914	0.195938
426679	-1.041214	0.197045
432080	-1.240572	0.198047
437481	-1.436855	0.198962
442882	-1.629935	0.199803
448283	-1.819697	0.200585
453684	-2.006035	0.201324
459085	-2.188861	0.202039
464486	-2.368091	0.202746
469887	-2.543644	0.203464
475288	-2.715442	0.204206
480689	-2.883410	0.204982
486090	-3.047482	0.205804
491491	-3.207596	0.206687
496892	-3.363701	0.207644
502293	-3.515761	0.208690
507694	-3.663768	0.209836
513095	-3.807735	0.211086
518496	-3.947698	0.212443
523897	-4.083710	0.213905
529298	-4.215842	0.215470
534699	-4.344184	0.217138
540100	-4.468851	0.218909
545501	-4.589974	0.220777
550902	-4.707705	0.222744
556303	-4.822209	0.224786
561704	-4.933661	0.226938
567105	-5.042209	0.229076
572506	-5.147964	0.231488
577907	-5.250861	0.233527
583308	-5.351276	0.236291
588709	-5.449494	0.238397
594110	-5.545693	0.240981
599511	-5.640053	0.243592
604912	-5.732849	0.245995
610313	-5.824279	0.248831
615714	-5.914460	0.251411
621115	-6.003547	0.254232
626516	-6.091669	0.257036
631917	-6.178920	0.259870
637318	-6.265363	0.262841
642719	-6.351040	0.265693
648120	-6.435911	0.268873
653521	-6.519867	0.271633
658922	-6.602892	0.275160
664323	-6.685309	0.277928
669724	-6.767171	0.281340
675125	-6.848430	0.284507
680526	-6.929244	0.287517
685927	-7.009669	0.290910
691328	-7.089716	0.293881
696729	-7.169386	0.297235
702130	-7.248720	0.300280
707531	-7.327749	0.303505
712932	-7.406500	0.306568
718333	-7.484980	0.309731
723734	-7.563183	0.312734
729135	-7.641059	0.315927
734536	-7.718475	0.318744
739937	-7.795097	0.322193
745338	-7.871106	0.324798
750739	-7.946863	0.328345
756140	-8.022243	0.331261
761541	-8.097192	0.334197
766942	-8.171935	0.337459
772343	-8.246571	0.340238
777744	-8.320993	0.343397
783145	-8.395253	0.346307
788546	-8.469366	0.349249
793947	-8.543329	0.352275
799348	-8.617121	0.355124
804749	-8.690637	0.358262
810150	-8.763813	0.361012
815551	-8.836427	0.364341
820952	-8.908655	0.366991
826353	-8.980550	0.370356
831754	-9.052272	0.373153
837155	-9.123807	0.376166
842556	-9.195261	0.379177
847957	-9.266655	0.381952
853358	-9.337903	0.385075
858759	-9.408977	0.387780
864160	-9.479814	0.390995
869561	-9.550497	0.393714
874962	-9.621054	0.396898
880363	-9.691553	0.399715
885764	-9.762030	0.402751
891165	-9.832524	0.405673
896566	-9.903045	0.408639
901967	-9.973581	0.411636
907368	-10.044106	0.414622
912769	-10.114580	0.417721
918170	-10.184869	0.420736
923571	-10.254632	0.424020
928972	-10.323576	0.427004
934373	-10.392328	0.430503
939774	-10.461123	0.433586
945175	-10.529434	0.436766
950576	-10.597690	0.440036
955977	-10.666134	0.443170
961378	-10.734628	0.446458
966779	-10.803140	0.449697
972180	-10.871715	0.452941
977581	-10.940332	0.456221
982982	-11.008929	0.459519
988383	-11.077417	0.462820
993784	-11.145756	0.466171
999185	-11.213902	0.469446
1004586	-11.281932	0.472812
1009987	-11.349864	0.476054
1015388	-11.417763	0.479397
1020789	-11.485649	0.482647
1026190	-11.553561	0.485963
1031591	-11.621493	0.489270
1036992	-11.689429	0.492595
1042393	-11.757340	0.495951
1047794	-11.825193	0.499259
1053195	-11.892932	0.502665
1058596	-11.960369	0.505831
1063997	-12.027012	0.509432
1069398	-12.092526	0.512251
1074799	-12.158258	0.515874
1080200	-12.223640	0.518789
1085601	-12.288249	0.521712
1091002	-12.352911	0.525112
1096403	-12.417657	0.527998
1101804	-12.482228	0.531099
1107205	-12.546666	0.534234
1112606	-12.611022	0.537113
1118007	-12.675238	0.540362
1123408	-12.739268	0.543104
1128809	-12.803081	0.546263
1134210	-12.866664	0.548896
1139611	-12.929985	0.551977
1145012	-12.993013	0.554443
1150413	-13.055699	0.557467
1155814	-13.118028	0.559746
1161215	-13.180023	0.562697
1166616	-13.241751	0.564844
1172017	-13.303240	0.567551
1177418	-13.364527	0.569660
1182819	-13.425638	0.572033
1188220	-13.486595	0.574013
1193621	-13.547365	0.576132
1199022	-13.607845	0.577777
1204423	-13.667723	0.579849
1209824	-13.726650	0.580920
1215225	-13.785203	0.583055
1220626	-13.843842	0.583820
1226027	-13.901744	0.585084
1231428	-13.959080	0.586329
1236829	-14.016338	0.586812
1242230	-14.073545	0.587823
1247631	-14.130519	0.588279
1253032	-14.187282	0.588706
1258433	-14.243890	0.589122
1263834	-14.300284	0.589173
1269235	-14.356288	0.589396
1274636	-14.411533	0.589053
1280037	-14.466034	0.589262
1285438	-14.520436	0.588478
1290839	-14.574622	0.588399
1296240	-14.627987	0.587724
1301641	-14.680904	0.586758
1307042	-14.733641	0.586147
1312443	-14.786089	0.584975
1317844	-14.838207	0.583956
1323245	-14.889996	0.582666
1328646	-14.941484	0.581306
1334047	-14.992676	0.579725
1339448	-15.043565	0.578153
1344849	-15.094047	0.576255
1350250	-15.143756	0.574535
1355651	-15.191584	0.572391
1361052	-15.239192	0.570692
1366453	-15.287879	0.568477
1371854	-15.334234	0.566413
1377255	-15.380140	0.564169
1382656	-15.426424	0.561610
1388057	-15.471989	0.559324
1393458	-15.516947	0.556652
1398859	-15.561650	0.553858
1404260	-15.606086	0.551253
1409661	-15.650113	0.548279
1415062	-15.693723	0.545429
1420463	-15.736930	0.542439
1425864	-15.779716	0.539371
1431265	-15.821871	0.536415
1436666	-15.862818	0.533220
1442067	-15.902604	0.530195
1447468	-15.943141	0.527487
1452869	-15.983000	0.524150
1458270	-16.021190	0.521044
1463671	-16.059183	0.517851
1469072	-16.097199	0.514563
1474473	-16.134579	0.511336
1479874	-16.171360	0.507929
1485275	-16.207682	0.504524
1490676	-16.243366	0.501219
1496077	-16.278273	0.497883
1501478	-16.312829	0.494311
1506879	-16.347267	0.490993
1512280	-16.380977	0.487711
1517681	-16.413981	0.483914
1523082	-16.446553	0.480575
1528483	-16.478583	0.477008
1533884	-16.509737	0.473367
1539285	-16.539961	0.470072
1544686	-16.570227	0.466557
1550087	-16.600470	0.462954
1555488	-16.629586	0.459698
1560889	-16.658024	0.456153
1566290	-16.686098	0.452829
1571691	-16.713631	0.449615
1577092	-16.740833	0.446154
1582493	-16.767938	0.443180
1587894	-16.794562	0.439954
1593295	-16.820593	0.436625
1598696	-16.846232	0.433917
1604097	-16.871534	0.430362
1609498	-16.896474	0.427816
1614899	-16.920815	0.424458
1620300	-16.943685	0.421718
1625701	-16.964925	0.419330
1631102	-16.989481	0.416172
1636503	-17.012054	0.413333
1641904	-17.032727	0.411061
1647305	-17.054793	0.408508
1652706	-17.075996	0.405671
1658107	-17.096616	0.403430
1663508	-17.117345	0.401001
1668909	-17.137680	0.398589
1674310	-17.157616	0.396529
1679711	-17.177410	0.394095
1685112	-17.197035	0.392325
1690513	-17.216145	0.390163
1695914	-17.234199	0.387822
1701315	-17.252125	0.386650
1706716	-17.271280	0.384555
1712117	-17.289381	0.382446
1717518	-17.306901	0.381247
1722919	-17.324533	0.379425
1728320	-17.341648	0.377848
1733721	-17.358463	0.376684
1739122	-17.375450	0.375082
1744523	-17.392242	0.373843
1749924	-17.408315	0.372963
1755325	-17.424213	0.371024
1760726	-17.440730	0.370443
1766127	-17.456830	0.369409
1771528	-17.472283	0.367985
1776929	-17.488078	0.367430
1782330	-17.503865	0.366297
1787731	-17.519243	0.365385
1793132	-17.534413	0.364935
1798533	-17.549262	0.363536
1803934	-17.563461	0.363674
1809335	-17.576752	0.362500
1814736	-17.591445	0.361637
1820137	-17.607121	0.361120
1825538	-17.620024	0.360376
1830939	-17.633688	0.360067
1836340	-17.648256	0.359406
1841741	-17.661636	0.358968
1847142	-17.674916	0.358774
1852543	-17.688512	0.358202
1857944	-17.701924	0.358272
1863345	-17.715170	0.357357
1868746	-17.728741	0.357849
1874147	-17.742431	0.357023
1879548	-17.755831	0.356918
1884949	-17.769068	0.357003
1890350	-17.782169	0.356305
1895751	-17.795045	0.357010
1901152	-17.807893	0.355880
1906553	-17.821215	0.356609
1911954	-17.834384	0.356191
1917355	-17.846629	0.355868
1922756	-17.856164	0.356297
1928157	-17.867879	0.356642
1933558	-17.882073	0.355355
1938959	-17.893100	0.355919
1944360	-17.905049	0.356222
1949761	-17.916426	0.355690
1955162	-17.928301	0.356209
1960563	-17.939754	0.356124
1965964	-17.950889	0.355707
1971365	-17.962563	0.356556
1976766	-17.974352	0.355964
1982167	-17.985839	0.356086
1987568	-17.997110	0.356420
1992969	-18.008069	0.356237
1998370	-18.018572	0.356154
2003771	-18.029136	0.357025
2009172	-18.041016	0.356012
2014573	-18.052493	0.356623
2019974	-18.062662	0.356854
2025375	-18.073191	0.356546
2030776	-18.084405	0.357151
2036177	-18.095394	0.356875
2041578	-18.106029	0.357022
2046979	-18.116427	0.357391
2052380	-18.126264	0.357272
2057781	-18.135934	0.357882
2063182	-18.147192	0.357520
2068583	-18.158388	0.357983
2073984	-18.168236	0.358200
2079385	-18.177962	0.358271
2084786	-18.188167	0.358759
2090187	-18.198621	0.358717
2095588	-18.208769	0.359121
2100989	-18.218525	0.358950
2106390	-18.227005	0.360327
2111791	-18.235711	0.358960
2117192	-18.246967	0.360294
2122593	-18.255877	0.360846
2127994	-18.264748	0.360142
2133395	-18.275003	0.360962
2138796	-18.283962	0.361544
2144197	-18.292791	0.361090
2149598	-18.302290	0.362362
2154999	-18.311464	0.362157
2160400	-18.319140	0.362784
2165802	-18.319140	0.362784
2171203	-18.319140	0.362784
2176604	-18.332316	0.363463
2182005	-18.332316	0.363463
2187406	-18.345009	0.364647
2192807	-18.349592	0.364376
2198208	-18.358600	0.364597
2203609	-18.369321	0.365417
2209010	-18.375129	0.366274
2214411	-18.385722	0.366337
2219812	-18.392234	0.366611
2225213	-18.401803	0.367211
2230614	-18.409156	0.367939
2236015	-18.418019	0.368144
2241416	-18.426173	0.368559
2246817	-18.434421	0.369306
2252218	-18.443108	0.369749
2257619	-18.451520	0.370095
2263020	-18.459882	0.370877
2268421	-18.467780	0.370739
2273822	-18.473816	0.372641
2279223	-18.482492	0.371560
2284624	-18.492625	0.372705
2290025	-18.499188	0.373766
2295426	-18.507437	0.373415
2300827	-18.515881	0.373969
2306228	-18.523028	0.375085
2311629	-18.530872	0.374935
2317030	-18.539042	0.375933
2322431	-18.546523	0.376643
2327832	-18.553638	0.376488
2333233	-18.560681	0.378152
2338634	-18.568765	0.377826
2344035	-18.576814	0.378441
2349436	-18.584079	0.379376
2354837	-18.591423	0.379109
2360238	-18.598998	0.380657
2365639	-18.606428	0.380555
2371040	-18.613439	0.381377
2376441	-18.620193	0.381882
2381842	-18.627847	0.382721
2387243	-18.636001	0.382962
2392644	-18.643316	0.383685
2398045	-18.650217	0.384139
2403446	-18.657181	0.385305
2408847	-18.664422	0.385036
2414248	-18.671600	0.386990
2419649	-18.676983	0.386348
2425050	-18.682605	0.388214
2430451	-18.692117	0.388244
2435852	-18.698599	0.388657
2441253	-18.704588	0.390011
2446654	-18.712372	0.389789
2452055	-18.719198	0.390443
2457456	-18.725395	0.391879
2462857	-18.732109	0.391639
2468258	-18.739310	0.392941
2473659	-18.746347	0.393185
2479060	-18.752947	0.394042
2484461	-18.758646	0.394693
2489862	-18.764046	0.395390
2495263	-18.771756	0.396556
2500664	-18.778726	0.396394
2506065	-18.784098	0.398011
2511466	-18.791168	0.397941
2516867	-18.798018	0.399169
2522268	-18.803893	0.399992
2527669	-18.810111	0.400290
2533070	-18.816766	0.401214
2538471	-18.822827	0.402550
2543872	-18.826551	0.401657
2549273	-18.832302	0.404132
2554674	-18.841562	0.404112
2560075	-18.846304	0.404199
2565476	-18.852349	0.405669
2570877	-18.859469	0.405936
2576278	-18.865017	0.406287
2581679	-18.870733	0.407832
2587080	-18.877009	0.407542
2592481	-18.882981	0.408906
2597882	-18.888171	0.409568
2603283	-18.892944	0.409689
2608684	-18.899651	0.411436
2614085	-18.906396	0.411331
2619486	-18.911453	0.412035
2624887	-18.917014	0.412765
2630288	-18.923234	0.413232
2635689	-18.929234	0.414145
2641090	-18.934885	0.414503
2646491	-18.939923	0.415912
2651892	-18.944342	0.415088
2657293	-18.950075	0.417737
2662694	-18.956147	0.417146
2668095	-18.961159	0.417722
2673496	-18.967474	0.418834
2678897	-18.973053	0.419106
2684298	-18.977626	0.420163
2689699	-18.983070	0.420297
2695100	-18.988954	0.421487
2700501	-18.994216	0.421339
2705902	-18.999049	0.422988
2711303	-19.004281	0.422332
2716704	-19.010197	0.424213
2722105	-19.015536	0.424072
2727506	-19.020018	0.425068
2732907	-19.025052	0.425407
2738308	-19.031214	0.426620
2743709	-19.036735	0.426615
2749110	-19.041435	0.427652
2754511	-19.046345	0.427663
2759912	-19.051754	0.429405
2765313	-19.056748	0.428720
2770714	-19.060365	0.430801
2776115	-19.065176	0.430356
2781516	-19.072096	0.431558
2786917	-19.076966	0.432147
2792318	-19.081091	0.432026
2797719	-19.086416	0.433555
2803120	-19.091956	0.433629
2808521	-19.096672	0.434515
2813922	-19.100689	0.434766
2819323	-19.105594	0.436044
2824724	-19.111577	0.436090
2830125	-19.116493	0.437227
2835526	-19.120573	0.437580
2840927	-19.124384	0.439275
2846328	-19.128438	0.438208
2851729	-19.133839	0.440369
2857130	-19.139383	0.440271
2862531	-19.143735	0.440732
2867932	-19.148223	0.442245
2873333	-19.153351	0.441875
2878734	-19.158168	0.442993
2884135	-19.162566	0.443970
2889536	-19.166866	0.443674
2894937	-19.171349	0.445481
2900338	-19.176313	0.444998
2905739	-19.181527	0.446317
2911140	-19.186492	0.446555
2916541	-19.191078	0.447336
2921942	-19.194650	0.447992
2927343	-19.197804	0.448542
2932744	-19.204040	0.449677
2938145	-19.208983	0.449462
2943546	-19.211952	0.451333
2948947	-19.217066	0.450665
2954348	-19.221572	0.452541
2959749	-19.225296	0.452359
2965150	-19.230434	0.453435
2970551	-19.235169	0.453538
2975952	-19.239293	0.454554
2981353	-19.243633	0.454839
2986754	-19.248222	0.455831
2992155	-19.252807	0.455735
2997556	-19.256542	0.457643
3002957	-19.257567	0.456301
3008358	-19.262988	0.458675
3013759	-19.270023	0.458583
3019160	-19.272163	0.458330
3024561	-19.277406	0.459958
3029962	-19.282270	0.460213
3035363	-19.285671	0.460105
3040764	-19.290161	0.461478
3046165	-19.294957	0.461541
3051566	-19.299214	0.462011
3056967	-19.303110	0.463043
3062368	-19.305983	0.462711
3067769	-19.310054	0.464686
3073170	-19.315986	0.464159
3078571	-19.319685	0.464619
3083972	-19.323020	0.466617
3089373	-19.326650	0.465203
3094774	-19.330292	0.467007
3100175	-19.335319	0.467099
3105576	-19.339675	0.467526
3110977	-19.343314	0.468712
3116378	-19.347106	0.468180
3121779	-19.351560	0.469578
3127180	-19.356003	0.469842
3132581	-19.360034	0.470420
3137982	-19.363999	0.470885
3143383	-19.367523	0.471475
3148784	-19.370627	0.471979
3154185	-19.375458	0.472846
3159586	-19.380418	0.472851
3164987	-19.383706	0.474335
3170388	-19.385370	0.473426
3175789	-19.388511	0.476164
3181190	-19.394712	0.475001
3186591	-19.398245	0.475516
3191992	-19.401755	0.477015
3197393	-19.406190	0.476728
3202794	-19.409863	0.477282
3208195	-19.413512	0.478158
3213596	-19.417509	0.478004
3218997	-19.421241	0.479296
3224398	-19.424869	0.479039
3229799	-19.428720	0.480386
3235200	-19.432910	0.480053
3240601	-19.437122	0.481195
3246002	-19.440983	0.481075
3251403	-19.443495	0.482634
3256804	-19.444989	0.481432
3262205	-19.451294	0.483574
3267606	-19.455777	0.483645
3273007	-19.458242	0.483411
3278408	-19.463063	0.484595
3283809	-19.466976	0.485205
3289210	-19.470191	0.484949
3294611	-19.473887	0.486445
3300012	-19.477469	0.485922
3305413	-19.480080	0.487286
3310814	-19.483934	0.486612
3316215	-19.488936	0.488013
3321616	-19.492417	0.488449
3327017	-19.495553	0.488157
3332418	-19.499220	0.489830
3337819	-19.502769	0.489035
3343220	-19.505405	0.490640
3348621	-19.509099	0.490087
3354022	-19.514211	0.491254
3359423	-19.517603	0.491770
3364824	-19.520602	0.491565
3370225	-19.524219	0.493267
3375626	-19.528008	0.492445
3381027	-19.530809	0.493932
3386428	-19.533574	0.493469
3391829	-19.538878	0.494765
3397230	-19.542583	0.494945
3402631	-19.545368	0.494875
3408032	-19.549159	0.496429
3413433	-19.552543	0.495609
3418834	-19.555106	0.497311
3424235	-19.558740	0.496731
3429636	-19.563308	0.497834
3435037	-19.566920	0.498322
3440438	-19.569916	0.498374
3445839	-19.573369	0.499651
3451240	-19.577255	0.499241
3456641	-19.580600	0.500642
3462042	-19.582172	0.499981
3467443	-19.584912	0.502017
3472844	-19.590928	0.501133
3478245	-19.593746	0.501701
3483646	-19.596728	0.502802
3489047	-19.601076	0.502347
3494448	-19.604436	0.503289
3499849	-19.607571	0.503938
3505250	-19.610998	0.503989
3510651	-19.614113	0.504268
3516052	-19.615411	0.506477
3521453	-19.618269	0.504668
3526854	-19.624192	0.506099
3532255	-19.626673	0.507081
3537656	-19.629831	0.506480
3543057	-19.633996	0.507471
3548458	-19.636923	0.508212
3553859	-19.639922	0.508135
3559260	-19.643689	0.509032
3564661	-19.647347	0.509177
3570062	-19.650750	0.509637
3575463	-19.654140	0.510476
3580864	-19.657190	0.510143
3586265	-19.659293	0.512204
3591666	-19.661719	0.510823
3597067	-19.665531	0.512448
3602468	-19.668548	0.512507
3607869	-19.672888	0.512818
3613270	-19.675747	0.513857
3618671	-19.678835	0.513659
3624072	-19.682634	0.514444
3629473	-19.685588	0.515013
3634874	-19.688280	0.514595
3640275	-19.691414	0.516169
3645676	-19.694602	0.515596
3651077	-19.697457	0.517006
3656478	-19.700505	0.516485
3661879	-19.704321	0.517727
3667280	-19.708013	0.517812
3672681	-19.711007	0.518028
3678082	-19.713440	0.519352
3683483	-19.714731	0.518516
3688884	-19.718387	0.520299
3694285	-19.723647	0.520061
3699686	-19.725801	0.519958
3705087	-19.728399	0.521452
3710488	-19.732523	0.521146
3715889	-19.735808	0.521618
3721290	-19.738448	0.522510
3726691	-19.741078	0.522361
3732092	-19.744271	0.523318
3737493	-19.748097	0.523253
3742894	-19.751357	0.523821
3748295	-19.753597	0.524745
3753696	-19.755339	0.523961
3759097	-19.758957	0.526017
3764498	-19.763599	0.525500
3769899	-19.766128	0.525775
3775300	-19.768509	0.527163
3780701	-19.772168	0.526606
3786102	-19.775582	0.527353
3791503	-19.777777	0.528414
3796904	-19.779050	0.527646
3802305	-19.782995	0.529168
3807706	-19.787642	0.529119
3813107	-19.789785	0.529052
3818508	-19.792398	0.530211
3823909	-19.796221	0.529911
3829310	-19.799608	0.530646
3834711	-19.802248	0.531322
3840112	-19.803943	0.530992
3845513	-19.805543	0.532838
3850914	-19.810471	0.531740
3856315	-19.814013	0.532523
3861716	-19.815411	0.533830
3867117	-19.818681	0.533288
3872518	-19.822242	0.534019
3877919	-19.824759	0.534684
3883320	-19.827566	0.534468
3888721	-19.830892	0.535662
3894122	-19.834020	0.535608
3899523	-19.836596	0.536220
3904924	-19.838591	0.536594
3910325	-19.841374	0.537403
3915726	-19.845167	0.537030
3921127	-19.847477	0.538624
3926528	-19.849138	0.537759
3931929	-19.852974	0.539426
3937330	-19.856529	0.539171
3942731	-19.858963	0.539298
3948132	-19.861530	0.540367
3953533	-19.864894	0.540464
3958934	-19.868073	0.540809
3964335	-19.870695	0.541640
3969736	-19.872337	0.541143
3975137	-19.872337	0.541143
3980538	-19.877044	0.542325
3985939	-19.881319	0.542646
3991340	-19.882498	0.544210
3996741	-19.886638	0.543744
4002142	-19.889387	0.543756
4007543	-19.891663	0.545013
4012944	-19.894756	0.544809
4018345	-19.897781	0.545374
4023746	-19.900720	0.546133
4029147	-19.903382	0.545982
4034548	-19.905766	0.547057
4039949	-19.908007	0.546521
4045350	-19.910767	0.548426
4050751	-19.914515	0.547449
4056152	-19.917812	0.548391
4061553	-19.919318	0.549297
4066954	-19.919318	0.549297
4072355	-19.924230	0.549910
4077756	-19.928127	0.550308
4083157	-19.929112	0.549887
4088558	-19.933301	0.550659
4093959	-19.935957	0.551150
4099360	-19.937919	0.551188
4104761	-19.941039	0.552022
4110162	-19.944095	0.552418
4115563	-19.946371	0.552133
4120964	-19.947782	0.553716
4126365	-19.950542	0.552906
4131766	-19.954711	0.554120
4137167	-19.957306	0.554365
4142568	-19.959337	0.554161
4147969	-19.961760	0.555320
4153370	-19.964507	0.555468
4158771	-19.967682	0.555632
4164172	-19.970509	0.556348
4169573	-19.972325	0.556134
4174974	-19.974496	0.557546
4180375	-19.977807	0.556888
4185776	-19.980916	0.557920
4191177	-19.983405	0.558271
4196578	-19.985477	0.558066
4201979	-19.988379	0.559535
4207380	-19.991719	0.559125
4212781	-19.994469	0.559586
4218182	-19.996922	0.560284
4223583	-19.998886	0.560829
4228984	-19.999722	0.560426
4234385	-20.001890	0.562509
4239786	-20.006558	0.561458
4245187	-20.008552	0.562183
4250588	-20.011339	0.563023
4255989	-20.014584	0.562694
4261390	-20.016602	0.563469
4266791	-20.019343	0.563869
4272192	-20.022244	0.564226
4277593	-20.024750	0.564700
4282994	-20.026880	0.564468
4288395	-20.028188	0.566485
4293796	-20.030864	0.565135
4299197	-20.034647	0.566329
4304598	-20.036346	0.567109
4309999	-20.038852	0.566783
4315400	-20.042251	0.567370
4320801	-20.044884	0.568038
4326203	-20.044884	0.568038
4331604	-20.044884	0.568038
4337005	-20.045873	0.569185
4342406	-20.045873	0.569185
4347807	-20.047983	0.570503
4353208	-20.050313	0.568994
4358609	-20.051526	0.568662
4364010	-20.055704	0.569829
4369411	-20.058291	0.570668
4374812	-20.059759	0.571147
4380213	-20.063255	0.571112
4385614	-20.064739	0.571579
4391015	-20.067534	0.571531
4396416	-20.068985	0.572980
4401817	-20.069911	0.572503
4407218	-20.072741	0.573817
4412619	-20.076678	0.573268
4418020	-20.078638	0.573908
4423421	-20.080499	0.575024
4428822	-20.083439	0.574437
4434223	-20.086382	0.575254
4439624	-20.088794	0.575746
4445025	-20.090922	0.575959
4450426	-20.092775	0.576562
4455827	-20.095127	0.576583
4461228	-20.098534	0.577665
4466629	-20.101359	0.577284
4472030	-20.102985	0.578460
4477431	-20.105042	0.577996
4482832	-20.108736	0.579037
4488233	-20.111607	0.579142
4493634	-20.113409	0.579574
4499035	-20.115589	0.579859
4504436	-20.117964	0.580730
4509837	-20.119291	0.580183
4515238	-20.121944	0.582050
4520639	-20.126201	0.581412
4526040	-20.128030	0.581555
4531441	-20.129923	0.582893
4536842	-20.133123	0.582655
4542243	-20.135912	0.582881
4547644	-20.138186	0.583978
4553045	-20.140367	0.583646
4558446	-20.142762	0.584659
4563847	-20.145666	0.584588
4569248	-20.148232	0.585199
4574649	-20.149592	0.585945
4580050	-20.150357	0.585476
4585451	-20.154600	0.587014
4590852	-20.158275	0.586913
4596253	-20.159433	0.586996
4601654	-20.162261	0.587953
4607055	-20.165645	0.588079
4612456	-20.167955	0.588222
4617857	-20.170020	0.589319
4623258	-20.172150	0.589097
4628659	-20.174620	0.590058
4634060	-20.177649	0.589758
4639461	-20.179828	0.591051
4644862	-20.181415	0.590998
4650263	-20.183872	0.590822
4655664	-20.186986	0.592338
4661065	-20.189835	0.591944
4666466	-20.192052	0.592503
4671867	-20.194254	0.593239
4677268	-20.196937	0.593000
4682669	-20.199501	0.594065
4688070	-20.201755	0.594013
4693471	-20.204064	0.595070
4698872	-20.206621	0.594408
4704273	-20.209452	0.595847
4709674	-20.212282	0.595566
4715075	-20.214557	0.596135
4720476	-20.215121	0.597053
4725877	-20.216049	0.596596
4731278	-20.221628	0.597583
4736679	-20.223847	0.597956
4742080	-20.225258	0.597957
4747481	-20.228978	0.598630
4752882	-20.231525	0.598951
4758283	-20.233340	0.599102
4763684	-20.235762	0.600164
4769085	-20.238384	0.599836
4774486	-20.240357	0.600920
4779887	-20.242361	0.600402
4785288	-20.245554	0.601485
4790689	-20.248453	0.601877
4796090	-20.250030	0.601574
4801491	-20.252065	0.602951
4806892	-20.255040	0.602344
4812293	-20.257601	0.603135
4817694	-20.259335	0.603831
4823095	-20.261946	0.603554
4828496	-20.265269	0.604274
4833897	-20.267749	0.604870
4839298	-20.269896	0.604687
4844699	-20.272201	0.605565
4850100	-20.274760	0.605713
4855501	-20.277441	0.606297
4860902	-20.280161	0.606531
4866303	-20.282285	0.606764
4871704	-20.282285	0.606764
4877105	-20.283884	0.607488
4882506	-20.289715	0.607874
4887907	-20.289715	0.607874
4893308	-20.293851	0.608781
4898709	-20.295795	0.608779
4904110	-20.297937	0.610101
4909511	-20.300967	0.610161
4914912	-20.303222	0.609906
4920313	-20.305529	0.610966
4925714	-20.308149	0.610897
4931115	-20.310749	0.611661
4936516	-20.313034	0.611711
4941917	-20.314430	0.612575
4947318	-20.314851	0.612433
4952719	-20.319033	0.612689
4958120	-20.321227	0.614282
4963521	-20.323557	0.613239
4968922	-20.327036	0.613692
4974323	-20.328601	0.614928
4979724	-20.331121	0.614573
4985125	-20.333627	0.615253
4990526	-20.335796	0.615415
4995927	-20.337859	0.616050
5001328	-20.339165	0.616031
5006729	-20.341351	0.617044
5012130	-20.344932	0.616640
5017531	-20.347509	0.617365
5022932	-20.349393	0.617559
5028333	-20.351494	0.617946
5033734	-20.354281	0.618501
5039135	-20.357095	0.618556
5044536	-20.359177	0.619410
5049937	-20.360626	0.618874
5055338	-20.362743	0.620586
5060739	-20.366117	0.619821
5066140	-20.368954	0.620214
5071541	-20.370744	0.621171
5076942	-20.372387	0.620965
5082343	-20.374690	0.621492
5087744	-20.376335	0.622343
5093145	-20.378419	0.621554
5098546	-20.382140	0.622869
5103947	-20.384453	0.623152
5109348	-20.385997	0.622884
5114749	-20.388692	0.623844
5120150	-20.391583	0.624054
5125551	-20.393774	0.623986
5130952	-20.395951	0.625039
5136353	-20.398143	0.624641
5141754	-20.400295	0.625808
5147155	-20.402982	0.625494
5152556	-20.405261	0.626306
5157957	-20.406266	0.626536
5163358	-20.407272	0.626444
5168759	-20.411166	0.627850
5174160	-20.414375	0.627523
5179561	-20.415587	0.627616
5184962	-20.418259	0.628440
5190363	-20.421256	0.628538
5195764	-20.423328	0.628810
5201165	-20.425149	0.629402
5206566	-20.427235	0.629638
5211967	-20.429743	0.629979
5217368	-20.432286	0.630304
5222769	-20.434457	0.630334
5228170	-20.436109	0.631690
5233571	-20.438006	0.630593
5238972	-20.440835	0.631779
5244373	-20.442975	0.632285
5249774	-20.445142	0.631993
5255175	-20.447941	0.632896
5260576	-20.450335	0.633007
5265977	-20.452273	0.633188
5271378	-20.453794	0.633591
5276779	-20.455482	0.634429
5282180	-20.458050	0.633970
5287581	-20.460904	0.635173
5292982	-20.463116	0.634841
5298383	-20.465143	0.635530
5303784	-20.467295	0.635852
5309185	-20.469582	0.635940
5314586	-20.471749	0.636900
5319987	-20.473942	0.636293
5325388	-20.476403	0.637662
5330789	-20.478801	0.637381
5336190	-20.480680	0.637807
5341591	-20.481720	0.638477
5346992	-20.483431	0.638336
5352393	-20.487309	0.639160
5357794	-20.489816	0.639211
5363195	-20.491003	0.639615
5368596	-20.493165	0.639936
5373997	-20.496271	0.640303
5379398	-20.498765	0.640565
5384799	-20.500667	0.641131
5390200	-20.502133	0.640996
5395601	-20.503339	0.642230
5401002	-20.506115	0.641673
5406403	-20.509229	0.642520
5411804	-20.510575	0.642550
5417205	-20.512291	0.643285
5422606	-20.515373	0.643496
5428007	-20.517994	0.643669
5433408	-20.519634	0.644221
5438809	-20.521442	0.644166
5444210	-20.523997	0.644973
5449611	-20.526534	0.645211
5455012	-20.528648	0.645078
5460413	-20.529991	0.646670
5465814	-20.530520	0.645501
5471215	-20.533481	0.646868
5476616	-20.536320	0.647334
5482017	-20.537966	0.646887
5487418	-20.540403	0.647970
5492819	-20.543094	0.648037
5498220	-20.544836	0.647959
5503621	-20.546746	0.649077
5509022	-20.549285	0.648794
5514423	-20.551496	0.649601
5519824	-20.553435	0.649799
5525225	-20.553435	0.649799
5530626	-20.553435	0.649799
5536027	-20.559511	0.651272
5541428	-20.560120	0.651182
5546829	-20.562523	0.651576
5552230	-20.565282	0.652188
5557631	-20.566875	0.651881
5563032	-20.569103	0.652612
5568433	-20.571298	0.653086
5573834	-20.573576	0.653142
5579235	-20.575632	0.653742
5584636	-20.577329	0.654342
5590037	-20.577992	0.653829
5595438	-20.578404	0.655630
5600839	-20.582832	0.655245
5606240	-20.585262	0.655546
5611641	-20.585932	0.655994
5617042	-20.589035	0.656498
5622443	-20.591381	0.656499
5627844	-20.592788	0.657443
5633245	-20.594938	0.657189
5638646	-20.597457	0.657870
5644047	-20.599657	0.658174
5649448	-20.601707	0.658205
5654849	-20.603581	0.659281
5660250	-20.604882	0.658869
5665651	-20.605934	0.660071
5671052	-20.608659	0.660124
5676453	-20.611323	0.660019
5681854	-20.612840	0.661436
5687255	-20.614919	0.660784
5692656	-20.617654	0.661300
5698057	-20.619539	0.662117
5703458	-20.621058	0.661877
5708859	-20.623416	0.662952
5714260	-20.625464	0.662609
5719661	-20.626724	0.663366
5725062	-20.626724	0.663366
5730463	-20.628882	0.663639
5735864	-20.633250	0.664667
5741265	-20.633917	0.664928
5746666	-20.635760	0.664821
5752067	-20.638803	0.665441
5757468	-20.640456	0.666003
5762869	-20.641826	0.665760
5768270	-20.643900	0.666702
5773671	-20.646239	0.666698
5779072	-20.648081	0.667540
5784473	-20.649174	0.667065
5789874	-20.650406	0.668579
5795275	-20.653258	0.668271
5800676	-20.655338	0.668144
5806077	-20.656475	0.669763
5811478	-20.659206	0.669011
5816879	-20.661599	0.669502
5822280	-20.663058	0.670470
5827681	-20.664818	0.670041
5833082	-20.666870	0.670990
5838483	-20.668309	0.671134
5843884	-20.668572	0.671539
5849285	-20.670848	0.671900
5854686	-20.674121	0.672159
5860087	-20.676121	0.672435
5865488	-20.677209	0.672932
5870889	-20.679351	0.673489
5876290	-20.681485	0.673034
5881691	-20.683232	0.674383
5887092	-20.684801	0.673921
5892493	-20.686687	0.675057
5897894	-20.688989	0.674761
5903295	-20.690901	0.675554
5908696	-20.692048	0.676060
5914097	-20.692051	0.675544
5919498	-20.694810	0.676800
5924899	-20.698199	0.677075
5930300	-20.699205	0.676586
5935701	-20.701053	0.677818
5941102	-20.703360	0.677978
5946503	-20.705298	0.677750
5951904	-20.707053	0.678750
5957305	-20.708841	0.678613
5962706	-20.710738	0.679581
5968107	-20.712681	0.679166
5973508	-20.714007	0.680286
5978909	-20.714007	0.680286
5984310	-20.715498	0.680623
5989711	-20.718922	0.681695
5995112	-20.720648	0.680759
6000513	-20.722409	0.681244
6005914	-20.724160	0.682430
6011315	-20.726458	0.682060
6016716	-20.727918	0.682443
6022117	-20.729617	0.682997
6027518	-20.731270	0.683221
6032919	-20.732575	0.683862
6038320	-20.734214	0.683743
6043721	-20.736448	0.684450
6049122	-20.738753	0.684453
6054523	-20.740741	0.684992
6059924	-20.742486	0.685576
6065325	-20.743520	0.685121
6070726	-20.743889	0.687007
6076127	-20.746617	0.685979
6081528	-20.749056	0.686572
6086929	-20.749198	0.687690
6092330	-20.751732	0.687153
6097731	-20.754105	0.687470
6103132	-20.755522	0.688442
6108533	-20.757595	0.688081
6113934	-20.759339	0.688626
6119335	-20.761152	0.689372
6124736	-20.762504	0.689129
6130137	-20.762842	0.690050
6135538	-20.763543	0.690109
6140939	-20.766535	0.689962
6146340	-20.768603	0.691268
6151741	-20.770217	0.690833
6157142	-20.772099	0.691206
6162543	-20.773620	0.692070
6167944	-20.775454	0.691564
6173345	-20.777429	0.692488
6178746	-20.778969	0.692805
6184147	-20.780053	0.692827
6189548	-20.781136	0.693809
6194949	-20.783278	0.693627
6200350	-20.785747	0.693830
6205751	-20.787299	0.694851
6211152	-20.788363	0.694307
6216553	-20.790167	0.695417
6221954	-20.792773	0.695203
6227355	-20.794513	0.695715
6232756	-20.796033	0.696410
6238157	-20.797597	0.695990
6243558	-20.798860	0.697505
6248959	-20.800722	0.696815
6254360	-20.803145	0.697840
6259761	-20.803977	0.697936
6265162	-20.803977	0.697936
6270563	-20.805941	0.698766
6275964	-20.809429	0.698911
6281365	-20.809429	0.698911
6286766	-20.812302	0.699442
6292167	-20.813823	0.700032
6297568	-20.814713	0.700043
6302969	-20.817048	0.700578
6308370	-20.819040	0.700885
6313771	-20.820425	0.701028
6319172	-20.821714	0.701777
6324573	-20.822957	0.701948
6329974	-20.824172	0.702097
6335375	-20.825964	0.703201
6340776	-20.828119	0.702390
6346177	-20.829420	0.703600
6351578	-20.830527	0.703754
6356979	-20.832645	0.703938
6362380	-20.834964	0.704452
6367781	-20.836321	0.704512
6373182	-20.837248	0.705152
6378583	-20.838550	0.705279
6383984	-20.840573	0.705910
6389385	-20.842846	0.705854
6394786	-20.844602	0.706549
6400187	-20.845758	0.706447
6405588	-20.845758	0.706447
6410989	-20.846745	0.707084
6416390	-20.850645	0.707720
6421791	-20.851501	0.708577
6427192	-20.852351	0.707694
6432593	-20.854923	0.709184
6437994	-20.856399	0.709216
6443395	-20.857109	0.709102
6448796	-20.858632	0.709863
6454197	-20.860359	0.710422
6459598	-20.861677	0.709938
6464999	-20.863674	0.711064
6470400	-20.865622	0.711017
6475801	-20.866850	0.711243
6481202	-20.867764	0.711944
6486604	-20.867764	0.711944
6492005	-20.867764	0.711944
6497406	-20.869600	0.711867
6502807	-20.869600	0.711867
6508208	-20.869600	0.711867
6513609	-20.869600	0.711867
6519010	-20.869600	0.711867
6524411	-20.874656	0.713313
6529812	-20.874656	0.713313
6535213	-20.876545	0.714093
6540614	-20.876606	0.713831
6546015	-20.878913	0.714266
6551416	-20.879774	0.714968
6556817	-20.881753	0.714989
6562218	-20.882704	0.715019
6567619	-20.884635	0.715727
6573020	-20.885826	0.715992
6578421	-20.886853	0.716154
6583822	-20.887296	0.715920
6589223	-20.888730	0.717629
6594624	-20.891800	0.717019
6600025	-20.892882	0.716944
6605426	-20.893883	0.718236
6610827	-20.895797	0.717965
6616228	-20.897597	0.718235
6621629	-20.898909	0.718900
6627030	-20.899281	0.718758
6632431	-20.899281	0.718758
6637832	-20.901358	0.719749
6643233	-20.903927	0.719486
6648634	-20.904891	0.720625
6654035	-20.906817	0.720489
6659436	-20.908321	0.720397
6664837	-20.909360	0.721428
6670238	-20.911221	0.721157
6675639	-20.912917	0.721740
6681040	-20.914389	0.722101
6686441	-20.915802	0.722175
6691842	-20.917003	0.722985
6697243	-20.917500	0.722390
6702644	-20.918318	0.724305
6708045	-20.920521	0.723464
6713446	-20.920521	0.723464
6718847	-20.922230	0.724812
6724248	-20.925336	0.724740
6729649	-20.925847	0.724472
6735050	-20.927346	0.725141
6740451	-20.928776	0.725796
6745852	-20.930106	0.725402
6751253	-20.931586	0.726260
6756654	-20.933046	0.726227
6762055	-20.934609	0.726696
6767456	-20.935544	0.727046
6772857	-20.935544	0.727046
6778258	-20.935810	0.727520
6783659	-20.939349	0.727975
6789060	-20.940613	0.728070
6794461	-20.941214	0.728859
6799862	-20.943388	0.728601
6805263	-20.945119	0.729093
6810664	-20.945983	0.729752
6816065	-20.947116	0.729407
6821466	-20.948836	0.730349
6826867	-20.950614	0.730251
6832268	-20.952102	0.730717
6837669	-20.953046	0.730888
6843070	-20.953046	0.730888
6848471	-20.953046	0.730888
6853872	-20.957326	0.731866
6859273	-20.957326	0.731866
6864674	-20.958653	0.732429
6870075	-20.960604	0.732587
6875476	-20.960905	0.733853
6880877	-20.962846	0.733317
6886278	-20.964166	0.733846
6891679	-20.964604	0.734120
6897080	-20.964986	0.734786
6902481	-20.967070	0.734521
6907882	-20.969326	0.735151
6913283	-20.970091	0.735432
6918684	-20.970706	0.735651
6924085	-20.971993	0.735801
6929486	-20.973509	0.736668
6934887	-20.974774	0.735996
6940288	-20.975965	0.737195
6945689	-20.977298	0.737046
6951090	-20.978473	0.737323
6956491	-20.979263	0.737858
6961892	-20.980221	0.737637
6967293	-20.981973	0.738667
6972694	-20.983932	0.738494
6978095	-20.985135	0.738659
6983496	-20.986015	0.739585
6988897	-20.986722	0.739027
6994298	-20.987441	0.740543
6999699	-20.989309	0.739668
7005100	-20.991147	0.740542
7010501	-20.991245	0.741004
7015902	-20.991245	0.741004
7021303	-20.992736	0.741326
7026704	-20.995564	0.741635
7032105	-20.995564	0.741635
7037506	-20.997132	0.742263
7042907	-20.998927	0.742437
7048308	-20.999628	0.742516
7053709	-21.000579	0.743162
7059110	-21.001980	0.743196
7064511	-21.003361	0.743651
7069912	-21.004501	0.743847
7075313	-21.005296	0.744595
7080714	-21.005296	0.744595
7086115	-21.006887	0.745435
7091516	-21.009387	0.745168
7096917	-21.009986	0.744854
7102318	-21.010958	0.745928
7107719	-21.012404	0.745773
7113120	-21.013705	0.746022
7118521	-21.014938	0.746475
7123922	-21.015986	0.746638
7129323	-21.015986	0.746638
7134724	-21.015986	0.746638
7140125	-21.019334	0.747408
7145526	-21.019334	0.747408
7150927	-21.020251	0.748134
7156328	-21.021701	0.748308
7161729	-21.021828	0.748756
7167130	-21.024080	0.748985
7172531	-21.024928	0.749161
7177932	-21.025563	0.749599
7183333	-21.026958	0.749655
7188734	-21.028421	0.750087
7194135	-21.029549	0.750242
7199536	-21.029759	0.751055
7204937	-21.029759	0.751055
7210338	-21.031391	0.751742
7215739	-21.033496	0.751655
7221140	-21.033496	0.751655
7226541	-21.034391	0.751975
7231942	-21.035182	0.752858
7237343	-21.035524	0.752032
7242744	-21.038046	0.752912
7248145	-21.039185	0.753115
7253546	-21.039498	0.752971
7258947	-21.040647	0.754033
7264348	-21.041720	0.753623
7269749	-21.042065	0.753988
7275150	-21.042193	0.754887
7280551	-21.044142	0.754718
7285952	-21.045820	0.754526
7291353	-21.046207	0.755713
7296754	-21.047200	0.755167
7302155	-21.048467	0.755890
7307556	-21.049497	0.755859
7312957	-21.049837	0.756420
7318358	-21.049837	0.756420
7323759	-21.050545	0.757326
7329160	-21.053257	0.756999
7334561	-21.053289	0.757383
7339962	-21.054251	0.757534
7345363	-21.055982	0.758030
7350764	-21.056965	0.758140
7356165	-21.057657	0.758308
7361566	-21.058338	0.758919
7366967	-21.059122	0.758816
7372368	-21.060355	0.759366
7377769	-21.061733	0.759501
7383170	-21.062319	0.759550
7388571	-21.062319	0.759550
7393972	-21.062319	0.759550
7399373	-21.065035	0.760718
7404774	-21.065035	0.760718
7410175	-21.066099	0.760705
7415576	-21.067836	0.761200
7420977	-21.068067	0.762137
7426378	-21.068943	0.761658
7431779	-21.070343	0.762390
7437180	-21.071196	0.762460
7442581	-21.071196	0.762460
7447982	-21.071196	0.762460
7453383	-21.071873	0.763556
7458784	-21.072929	0.762910
7464185	-21.074070	0.764124
7469586	-21.075576	0.764346
7474987	-21.075782	0.763835
7480388	-21.077045	0.764827
7485789	-21.078297	0.764833
7491190	-21.078817	0.764773
7496591	-21.079598	0.765588
7501992	-21.080691	0.765392
7507393	-21.081697	0.765871
7512794	-21.082594	0.766064
7518195	-21.083136	0.766738
7523596	-21.083136	0.766738
7528997	-21.083136	0.766738
7534398	-21.085474	0.767763
7539799	-21.085474	0.767763
7545200	-21.086422	0.767747
7550601	-21.087170	0.768583
7556002	-21.087715	0.768068
7561403	-21.089125	0.768533
7566804	-21.089790	0.769174
7572205	-21.090342	0.768749
7577606	-21.091304	0.769601
7583007	-21.092244	0.769395
7588408	-21.092658	0.770064
7593809	-21.092658	0.770064
7599210	-21.092658	0.770064
7604611	-21.094500	0.771168
7610012	-21.095006	0.770471
7615413	-21.096076	0.771358
7620814	-21.097050	0.771463
7626215	-21.097785	0.771240
7631616	-21.098486	0.772299
7637017	-21.099098	0.771821
7642418	-21.099647	0.772720
7647819	-21.099647	0.772720
7653220	-21.099647	0.772720
7658621	-21.101714	0.773140
7664022	-21.103023	0.773170
7669423	-21.103023	0.773170
7674824	-21.103650	0.773829
7680225	-21.104831	0.774291
7685626	-21.105775	0.774465
7691027	-21.106379	0.775039
7696428	-21.106379	0.775039
7701829	-21.106746	0.775763
7707230	-21.108447	0.775608
7712631	-21.109505	0.775545
7718032	-21.109567	0.776551
7723433	-21.109567	0.776551
7728834	-21.109567	0.776551
7734235	-21.109760	0.776636
7739636	-21.111898	0.777066
7745037	-21.112753	0.777841
7750438	-21.113328	0.777421
7755839	-21.113794	0.778088
7761240	-21.114809	0.778316
7766641	-21.115939	0.778206
7772042	-21.116521	0.778783
7777443	-21.116871	0.778689
7782844	-21.116871	0.778689
7788245	-21.116871	0.778689
7793646	-21.117659	0.780155
7799047	-21.119919	0.779995
7804448	-21.119919	0.779995
7809849	-21.119919	0.779995
7815250	-21.121313	0.780787
7820651	-21.122484	0.781089
7826052	-21.122752	0.781664
7831453	-21.122752	0.781664
7836854	-21.122752	0.781664
7842255	-21.124157	0.781672
7847656	-21.125506	0.782394
7853057	-21.125506	0.782394
7858458	-21.125506	0.782394
7863859	-21.126258	0.783130
7869260	-21.127445	0.783918
7874661	-21.127784	0.783464
7880062	-21.128168	0.784250
7885463	-21.129060	0.784012
7890864	-21.129870	0.784543
7896265	-21.130494	0.785063
7901666	-21.131134	0.784657
7907067	-21.131680	0.785803
7912468	-21.131680	0.785803
7917869	-21.131680	0.785803
7923270	-21.131797	0.785752
7928671	-21.132949	0.786265
7934072	-21.134423	0.787155
7939473	-21.134846	0.786728
7944874	-21.134846	0.786728
7950275	-21.136079	0.787387
7955676	-21.137168	0.787727
7961077	-21.137607	0.787859
7966478	-21.138144	0.788386
7971879	-21.138592	0.788524
7977280	-21.138592	0.788524
7982681	-21.138592	0.788524
7988082	-21.138859	0.788800
7993483	-21.140342	0.789866
7998884	-21.140342	0.789866
8004285	-21.141567	0.790108
8009686	-21.142256	0.790483
8015087	-21.142646	0.790333
8020488	-21.143055	0.791177
8025889	-21.143954	0.790983
8031290	-21.144859	0.791315
8036691	-21.145289	0.791729
8042092	-21.145554	0.791601
8047493	-21.145554	0.791601
8052894	-21.145554	0.791601
8058295	-21.145554	0.791601
8063696	-21.145767	0.793074
8069097	-21.147151	0.792606
8074498	-21.147709	0.793688
8079899	-21.148094	0.793803
8085300	-21.149476	0.793630
8090701	-21.149663	0.794199
8096102	-21.149679	0.794338
8101503	-21.150564	0.794697
8106904	-21.151216	0.794314
8112305	-21.151289	0.795481
8117706	-21.151421	0.794764
8123107	-21.152140	0.796027
8128508	-21.152934	0.795382
8133909	-21.152934	0.795382
8139310	-21.152934	0.795382
8144711	-21.154057	0.796486
8150112	-21.155368	0.796623
8155513	-21.155368	0.796623
8160914	-21.155492	0.796965
8166315	-21.156356	0.797776
8171716	-21.156983	0.797465
8177117	-21.156983	0.797465
8182518	-21.156983	0.797465
8187919	-21.157785	0.798936
8193320	-21.158496	0.799031
8198721	-21.158496	0.799031
8204122	-21.159528	0.799345
8209523	-21.160019	0.799796
8214924	-21.160361	0.799360
8220325	-21.160839	0.800148
8225726	-21.161070	0.799994
8231127	-21.161723	0.800722
8236528	-21.162301	0.800342
8241929	-21.162395	0.801484
8247330	-21.162506	0.800811
8252731	-21.162538	0.801748
8258132	-21.162538	0.801748
8263533	-21.164103	0.801773
8268934	-21.164860	0.802359
8274335	-21.164860	0.802359
8279736	-21.164983	0.803365
8285137	-21.166293	0.802661
8290538	-21.166931	0.803102
8295939	-21.167182	0.803538
8301340	-21.167182	0.803538
8306741	-21.167182	0.803538
8312142	-21.167675	0.803769
8317543	-21.168577	0.804832
8322944	-21.168781	0.804224
8328345	-21.168781	0.804224
8333746	-21.169256	0.804761
8339147	-21.170600	0.805282
8344548	-21.170974	0.805919
8349949	-21.170974	0.805919
8355350	-21.170974	0.805919
8360751	-21.170974	0.805919
8366152	-21.171046	0.806643
8371553	-21.172723	0.807139
8376954	-21.173173	0.806798
8382355	-21.173173	0.806798
8387756	-21.173352	0.807213
8393157	-21.174117	0.808014
8398558	-21.174610	0.807540
8403959	-21.175054	0.808441
8409360	-21.175418	0.808045
8414761	-21.175644	0.808793
8420162	-21.176087	0.808622
8425563	-21.176711	0.809171
8430964	-21.177158	0.809212
8436365	-21.177533	0.809631
8441766	-21.177534	0.809902
8447167	-21.177534	0.809902
8452568	-21.177534	0.809902
8457969	-21.178640	0.810236
8463370	-21.178640	0.810236
8468771	-21.179087	0.811263
8474172	-21.179810	0.811048
8479573	-21.179810	0.811048
8484974	-21.180493	0.811693
8490375	-21.181103	0.811847
8495776	-21.181656	0.811922
8501177	-21.181656	0.811922
8506578	-21.181656	0.811922
8511979	-21.181949	0.812641
8517380	-21.182367	0.812759
8522781	-21.182590	0.813722
8528182	-21.182590	0.813722
8533583	-21.182590	0.813722
8538984	-21.183665	0.813334
8544385	-21.184807	0.813911
8549786	-21.184807	0.813911
8555187	-21.184807	0.813911
8560588	-21.185236	0.814933
8565989	-21.185236	0.814933
8571390	-21.185236	0.814933
8576791	-21.186646	0.815267
8582192	-21.186929	0.815709
8587593	-21.186929	0.815709
8592994	-21.187500	0.816094
8598395	-21.188106	0.815951
8603796	-21.188106	0.815951
8609197	-21.188106	0.815951
8614598	-21.188106	0.815951
8619999	-21.189173	0.817154
8625400	-21.189173	0.817154
8630801	-21.189676	0.817664
8636202	-21.190086	0.817759
8641603	-21.190086	0.817759
