7801	29.000000	-0.000000
15602	29.000000	-0.000000
23403	29.000000	-0.000000
31204	29.000000	-0.000000
39005	29.000000	0.000000
46806	28.999989	0.000000
54607	28.997687	0.000015
62408	28.988492	0.000082
70209	28.968058	0.000236
78010	28.933791	0.000498
85811	28.884227	0.000881
93612	28.818662	0.001393
101413	28.736912	0.002036
109214	28.639150	0.002810
117015	28.525790	0.003714
124816	28.397402	0.004744
132617	28.254708	0.005897
140418	28.099757	0.007149
148219	27.929060	0.008561
156020	27.748783	0.010047
163821	27.554885	0.011677
171622	27.352375	0.013382
179423	27.138221	0.015215
187224	26.916192	0.017125
195025	26.684620	0.019144
202826	26.445173	0.021252
210627	26.198639	0.023440
218428	25.944562	0.025721
226229	25.683687	0.028087
234030	25.416881	0.030528
241831	25.144529	0.033042
249632	24.867458	0.035620
257433	24.585485	0.038268
265234	24.296755	0.041020
273035	24.005370	0.043813
280836	23.710590	0.046661
288637	23.410981	0.049591
296438	23.108512	0.052573
304239	22.803707	0.055602
312040	22.496310	0.058681
319841	22.185873	0.061825
327642	21.872622	0.065029
335443	21.557857	0.068274
343244	21.241866	0.071558
351045	20.924976	0.074876
358846	20.607424	0.078231
366647	20.286906	0.081660
374448	19.965758	0.085134
382249	19.646187	0.088609
390050	19.326352	0.092119
397851	19.005784	0.095689
405652	18.686052	0.099280
413453	18.367857	0.102888
421254	18.051297	0.106516
429055	17.736931	0.110149
436856	17.423446	0.113834
444657	17.110251	0.117567
452458	16.800882	0.121292
460259	16.495016	0.125016
468060	16.191208	0.128766
475861	15.889454	0.132554
483662	15.590955	0.136347
491463	15.296015	0.140144
499264	15.004514	0.143943
507065	14.716986	0.147741
514866	14.432876	0.151539
522667	14.149107	0.155428
530468	13.869362	0.159296
538269	13.594773	0.163122
546070	13.322526	0.166993
553871	13.052503	0.170870
561672	12.786139	0.174754
569473	12.523428	0.178631
577274	12.264146	0.182480
585075	12.008423	0.186373
592876	11.755180	0.190221
600677	11.503814	0.194181
608478	11.256304	0.198082
616279	11.012770	0.201961
624080	10.772524	0.205896
631881	10.535093	0.209755
639682	10.299947	0.213753
647483	10.067628	0.217669
655284	9.838766	0.221628
663085	9.613126	0.225590
670886	9.390766	0.229486
678687	9.172476	0.233496
686488	8.956952	0.237295
694289	8.741626	0.241430
702090	8.530903	0.245378
709891	8.325024	0.249226
717692	8.121305	0.253296
725493	7.919978	0.257178
733294	7.722426	0.261155
741095	7.528507	0.265137
748896	7.337984	0.268961
756697	7.151028	0.273050
764498	6.966792	0.276770
772299	6.784609	0.280932
780100	6.605685	0.284816
787901	6.430427	0.288749
795702	6.258260	0.292863
803503	6.088999	0.296640
811304	5.922213	0.300947
819105	5.757231	0.304769
826906	5.594822	0.309026
834707	5.435346	0.313145
842508	5.278424	0.317194
850309	5.124095	0.321607
858110	4.972550	0.325435
865911	4.822621	0.330113
873712	4.673566	0.334052
881513	4.527315	0.338448
889314	4.383778	0.342916
897115	4.241987	0.346932
904916	4.101499	0.351684
912717	3.962254	0.355749
920518	3.824501	0.360385
928319	3.688224	0.364751
936120	3.553179	0.369200
943921	3.419271	0.373803
951722	3.286758	0.378025
959523	3.156697	0.382956
967324	3.028580	0.386431
975125	2.897974	0.391567
982926	2.770130	0.395756
990727	2.644913	0.399547
998528	2.518673	0.404319
1006329	2.393258	0.408346
1014130	2.269171	0.412281
1021931	2.145272	0.416758
1029732	2.021434	0.420452
1037533	1.897897	0.424630
1045334	1.774631	0.428492
1053135	1.651428	0.432216
1060936	1.528203	0.436089
1068737	1.405110	0.439324
1076538	1.282475	0.443210
1084339	1.159941	0.445802
1092140	1.036079	0.449573
1099941	0.911976	0.452420
1107742	0.787996	0.455198
1115543	0.663102	0.458327
1123344	0.537011	0.460732
1131145	0.410012	0.463458
1138946	0.282137	0.465894
1146747	0.153254	0.468130
1154548	0.023370	0.470424
1162349	-0.107454	0.472311
1170150	-0.239108	0.474341
1177951	-0.371613	0.475979
1185752	-0.504941	0.477742
1193553	-0.639163	0.479222
1201354	-0.774256	0.480694
1209155	-0.910265	0.482009
1216956	-1.047161	0.483251
1224757	-1.184883	0.484420
1232558	-1.323329	0.485529
1240359	-1.462365	0.486574
1248160	-1.601862	0.487580
1255961	-1.741625	0.488496
1263762	-1.881499	0.489428
1271563	-2.021308	0.490217
1279364	-2.161146	0.491104
1287165	-2.301010	0.491824
1294966	-2.440916	0.492577
1302767	-2.580869	0.493265
1310568	-2.720842	0.493852
1318369	-2.860760	0.494452
1326170	-3.000562	0.494896
1333971	-3.140210	0.495358
1341772	-3.279676	0.495653
1349573	-3.418962	0.495936
1357374	-3.558064	0.496053
1365175	-3.697013	0.496152
1372976	-3.835827	0.496084
1380777	-3.974548	0.496024
1388578	-4.113204	0.495765
1396379	-4.251854	0.495577
1404180	-4.390572	0.495153
1411981	-4.529477	0.494834
1419782	-4.668676	0.494321
1427583	-4.808274	0.493823
1435384	-4.948353	0.493241
1443185	-5.088973	0.492569
1450986	-5.230178	0.491871
1458787	-5.372005	0.491037
1466588	-5.514488	0.490181
1474389	-5.657643	0.489174
1482190	-5.801476	0.488134
1489991	-5.945971	0.486915
1497792	-6.091105	0.485663
1505593	-6.236835	0.484185
1513394	-6.383115	0.482712
1521195	-6.529883	0.480937
1528996	-6.677095	0.479210
1536797	-6.824688	0.477149
1544598	-6.972608	0.475079
1552399	-7.120788	0.472762
1560200	-7.269153	0.470374
1568001	-7.417620	0.467848
1575802	-7.566099	0.465275
1583603	-7.714494	0.462611
1591404	-7.862693	0.459971
1599205	-8.010559	0.457147
1607006	-8.157867	0.454627
1614807	-8.304417	0.451395
1622608	-8.450405	0.449187
1630409	-8.595717	0.446056
1638210	-8.740157	0.443130
1646011	-8.883853	0.440706
1653812	-9.026793	0.437631
1661613	-9.168856	0.434953
1669414	-9.309985	0.432272
1677215	-9.450134	0.429368
1685016	-9.589235	0.426885
1692817	-9.727222	0.424005
1700618	-9.864048	0.421555
1708419	-9.999671	0.418810
1716220	-10.134062	0.416477
1724021	-10.267175	0.413836
1731822	-10.398970	0.411755
1739623	-10.529373	0.409051
1747424	-10.658343	0.407460
1755225	-10.785910	0.404585
1763026	-10.912151	0.403153
1770827	-11.037076	0.400814
1778628	-11.160719	0.398838
1786429	-11.283127	0.397221
1794230	-11.404311	0.394931
1802031	-11.524271	0.393614
1809832	-11.643022	0.391117
1817633	-11.760601	0.389961
1825434	-11.877046	0.387339
1833235	-11.992413	0.386071
1841036	-12.106732	0.383614
1848837	-12.220044	0.382057
1856638	-12.332356	0.379776
1864439	-12.443676	0.378170
1872240	-12.553964	0.375722
1880041	-12.663170	0.374572
1887842	-12.771126	0.371408
1895643	-12.878012	0.371108
1903444	-12.983886	0.367816
1911245	-13.088722	0.366577
1919046	-13.192460	0.365038
1926847	-13.295186	0.362505
1934648	-13.396945	0.361864
1942449	-13.497666	0.359367
1950250	-13.597381	0.358548
1958051	-13.696064	0.356641
1965852	-13.793738	0.355569
1973653	-13.890385	0.354010
1981454	-13.985991	0.353094
1989255	-14.080493	0.351395
1997056	-14.173773	0.351346
2004857	-14.265470	0.348392
2012658	-14.356010	0.350097
2020459	-14.445466	0.347211
2028260	-14.533501	0.346828
2036061	-14.620225	0.347179
2043862	-14.705846	0.345081
2051663	-14.790359	0.345697
2059464	-14.873665	0.344812
2067265	-14.955800	0.344260
2075066	-15.036771	0.344495
2082867	-15.116513	0.343358
2090668	-15.194979	0.344440
2098469	-15.272012	0.342540
2106270	-15.347780	0.344619
2114071	-15.422242	0.342671
2121872	-15.495444	0.343942
2129673	-15.567379	0.343762
2137474	-15.638108	0.343594
2145275	-15.707656	0.344779
2153076	-15.775909	0.343762
2160877	-15.842897	0.346102
2168678	-15.908554	0.344429
2176479	-15.973129	0.347025
2184280	-16.036511	0.346209
2192081	-16.098791	0.347349
2199882	-16.160031	0.348105
2207683	-16.220252	0.348147
2215484	-16.279454	0.349935
2223285	-16.337434	0.348844
2231086	-16.394316	0.352185
2238887	-16.450132	0.350141
2246688	-16.505190	0.353057
2254489	-16.559226	0.353151
2262290	-16.612358	0.353401
2270091	-16.664720	0.355581
2277892	-16.716243	0.354684
2285693	-16.767027	0.357472
2293494	-16.817009	0.356556
2301295	-16.866315	0.358912
2309096	-16.914893	0.358687
2316897	-16.962812	0.360485
2324698	-17.010071	0.360470
2332499	-17.056664	0.362469
2340300	-17.102462	0.361671
2348101	-17.147250	0.365054
2355902	-17.190864	0.362368
2363703	-17.234631	0.366200
2371504	-17.277557	0.365477
2379305	-17.319495	0.365436
2387106	-17.361127	0.367762
2394907	-17.402265	0.366580
2402708	-17.442904	0.368588
2410509	-17.483128	0.368213
2418310	-17.522925	0.369291
2426111	-17.562345	0.369762
2433912	-17.601381	0.370107
2441713	-17.639982	0.371214
2449514	-17.678073	0.370547
2457315	-17.715316	0.373251
2465116	-17.751092	0.369882
2472917	-17.787185	0.374554
2480718	-17.823167	0.372256
2488519	-17.857731	0.372233
2496320	-17.892123	0.374658
2504121	-17.926330	0.372908
2511922	-17.960168	0.374385
2519723	-17.993759	0.374636
2527524	-18.027014	0.374251
2535325	-18.059912	0.375977
2543126	-18.092426	0.374234
2550927	-18.124458	0.377072
2558728	-18.155905	0.374161
2566529	-18.187085	0.377378
2574330	-18.218218	0.375332
2582131	-18.248990	0.376336
2589932	-18.279289	0.376932
2597733	-18.309356	0.375830
2605534	-18.339199	0.377975
2613335	-18.368558	0.375571
2621136	-18.397426	0.378831
2628937	-18.426296	0.375845
2636738	-18.454998	0.378040
2644539	-18.483177	0.377587
2652340	-18.511160	0.377269
2660141	-18.539078	0.378370
2667942	-18.566891	0.377528
2675743	-18.594455	0.378839
2683544	-18.621618	0.377370
2691345	-18.648206	0.380288
2699146	-18.674272	0.376548
2706947	-18.700584	0.380637
2714748	-18.727013	0.378801
2722549	-18.752554	0.378292
2730350	-18.777721	0.380842
2738151	-18.803290	0.378644
2745952	-18.828804	0.380126
2753753	-18.854025	0.380129
2761554	-18.879173	0.379661
2769355	-18.904253	0.380919
2777156	-18.929073	0.379395
2784957	-18.953502	0.381765
2792758	-18.977709	0.378942
2800559	-19.001960	0.382298
2808360	-19.025950	0.379600
2816161	-19.049918	0.381090
2823962	-19.073694	0.381276
2831763	-19.097182	0.379989
2839564	-19.120602	0.382336
2847365	-19.143902	0.379704
2855166	-19.167029	0.382488
2862967	-19.189960	0.380472
2870768	-19.213092	0.382072
2878569	-19.236211	0.381198
2886370	-19.259033	0.381608
2894171	-19.281778	0.381740
2901972	-19.304547	0.381162
2909773	-19.327152	0.382813
2917574	-19.349104	0.379980
2925375	-19.370724	0.384355
2933176	-19.393001	0.380410
2940977	-19.415317	0.381967
2948778	-19.436799	0.383011
2956579	-19.458289	0.380736
2964380	-19.480014	0.382739
2972181	-19.501555	0.381693
2979982	-19.523162	0.382191
2987783	-19.544827	0.381976
2995584	-19.566434	0.382488
3003385	-19.587902	0.381392
3011186	-19.608997	0.383777
3018987	-19.629774	0.380352
3026788	-19.650887	0.384294
3034589	-19.671581	0.381745
3042390	-19.692837	0.382386
3050191	-19.713454	0.383505
3057992	-19.733738	0.381491
3065793	-19.754588	0.383603
3073594	-19.775156	0.382031
3081395	-19.795689	0.383303
3089196	-19.816311	0.382422
3096997	-19.836914	0.383050
3104798	-19.857484	0.382512
3112599	-19.878017	0.383150
3120400	-19.898357	0.381770
3128202	-19.898357	0.381770
3136003	-19.898357	0.381770
3143804	-19.926058	0.381413
3151605	-19.933761	0.378552
3159406	-19.961262	0.382574
3167207	-19.976256	0.386849
3175008	-19.996914	0.385406
3182809	-20.016339	0.381973
3190610	-20.034606	0.381760
3198411	-20.054451	0.384066
3206212	-20.072936	0.384723
3214013	-20.092317	0.383216
3221814	-20.111249	0.382922
3229615	-20.130495	0.383757
3237416	-20.149674	0.383377
3245217	-20.169030	0.383065
3253018	-20.188393	0.383515
3260819	-20.207875	0.383214
3268620	-20.227470	0.383405
3276421	-20.247126	0.382860
3284222	-20.266814	0.383926
3292023	-20.286312	0.382079
3299824	-20.305023	0.385440
3307625	-20.322817	0.380747
3315426	-20.342644	0.385204
3323227	-20.362082	0.384023
3331028	-20.379945	0.382067
3338829	-20.398581	0.385064
3346630	-20.417516	0.383513
3354431	-20.436067	0.383189
3362232	-20.454510	0.385000
3370033	-20.473042	0.382748
3377834	-20.491681	0.385078
3385635	-20.510341	0.383215
3393436	-20.529056	0.384870
3401237	-20.547710	0.383498
3409038	-20.566283	0.385131
3416839	-20.584644	0.383038
3424640	-20.602718	0.386089
3432441	-20.620648	0.382266
3440242	-20.638917	0.385987
3448043	-20.657081	0.383745
3455844	-20.675193	0.384362
3463645	-20.693061	0.385157
3471446	-20.710871	0.383581
3479247	-20.728604	0.385779
3487048	-20.746058	0.383130
3494849	-20.763784	0.386379
3502650	-20.781669	0.384067
3510451	-20.799259	0.385421
3518252	-20.816784	0.384767
3526053	-20.834453	0.385081
3533854	-20.852038	0.385087
3541655	-20.869503	0.384329
3549456	-20.886530	0.386850
3557257	-20.902525	0.382190
3565058	-20.919774	0.387590
3572859	-20.937812	0.384914
3580660	-20.954387	0.383956
3588461	-20.970825	0.386822
3596262	-20.987681	0.384453
3604063	-21.004687	0.385617
3611864	-21.021553	0.385574
3619665	-21.038370	0.385159
3627466	-21.055117	0.386089
3635267	-21.071672	0.384327
3643068	-21.087575	0.387963
3650869	-21.103163	0.382935
3658670	-21.120431	0.387207
3666471	-21.137109	0.386032
3674272	-21.152572	0.384200
3682073	-21.168488	0.387159
3689874	-21.184841	0.385027
3697675	-21.201075	0.385952
3705476	-21.217098	0.386215
3713277	-21.233032	0.385114
3721078	-21.248790	0.387217
3728879	-21.264092	0.384131
3736680	-21.279595	0.388518
3744481	-21.295655	0.384687
3752282	-21.311379	0.386735
3760083	-21.326762	0.386626
3767884	-21.341976	0.385342
3775685	-21.357231	0.387976
3783486	-21.372532	0.384953
3791287	-21.387780	0.388027
3799088	-21.402905	0.385693
3806889	-21.418316	0.387311
3814690	-21.433628	0.386223
3822491	-21.448586	0.387614
3830292	-21.462949	0.385894
3838093	-21.477045	0.389568
3845894	-21.492476	0.385800
3853695	-21.507607	0.388553
3861496	-21.521526	0.388122
3869297	-21.536139	0.387428
3877098	-21.551017	0.388930
3884899	-21.565287	0.387646
3892700	-21.579686	0.388967
3900501	-21.594345	0.388063
3908302	-21.608896	0.389072
3916103	-21.623236	0.388110
3923904	-21.637194	0.390419
3931705	-21.649755	0.386213
3939506	-21.663443	0.392757
3947307	-21.678808	0.389384
3955108	-21.691799	0.388760
3962909	-21.705630	0.391313
3970710	-21.719513	0.390298
3978511	-21.732680	0.389884
3986312	-21.746247	0.391443
3994113	-21.759950	0.390461
4001914	-21.773526	0.391402
4009715	-21.787022	0.390920
4017516	-21.800441	0.391893
4025317	-21.813805	0.390846
4033118	-21.827356	0.392237
4040919	-21.841089	0.391171
4048720	-21.854366	0.392931
4056521	-21.865814	0.389446
4064322	-21.877037	0.396403
4072123	-21.892383	0.391491
4079924	-21.904249	0.391725
4087725	-21.916926	0.394939
4095526	-21.929830	0.393551
4103327	-21.941680	0.393055
4111128	-21.954367	0.394470
4118929	-21.966963	0.394009
4126730	-21.979195	0.394344
4134531	-21.991509	0.394842
4142332	-22.003963	0.394381
4150133	-22.016403	0.395669
4157934	-22.028768	0.394207
4165735	-22.040858	0.397341
4173536	-22.052278	0.393290
4181337	-22.063613	0.398858
4189138	-22.075862	0.394743
4196939	-22.088334	0.396862
4204740	-22.099659	0.398103
4212541	-22.110875	0.395709
4220342	-22.122603	0.399087
4228143	-22.134333	0.396762
4235944	-22.145924	0.398493
4243745	-22.157501	0.398637
4251546	-22.169073	0.397775
4259347	-22.180495	0.400284
4267148	-22.191066	0.396666
4274949	-22.200906	0.403028
4282750	-22.213007	0.398012
4290551	-22.224762	0.399888
4298352	-22.234777	0.402204
4306153	-22.245838	0.399990
4313954	-22.257035	0.401051
4321755	-22.267460	0.402162
4329556	-22.277978	0.400833
4337357	-22.288845	0.403087
4345158	-22.299652	0.401636
4352959	-22.310327	0.403454
4360760	-22.320947	0.402440
4368561	-22.331471	0.404381
4376362	-22.341961	0.402213
4384163	-22.352206	0.406326
4391964	-22.360814	0.401315
4399765	-22.370594	0.407842
4407566	-22.382659	0.405387
4415367	-22.391734	0.404149
4423168	-22.401453	0.408036
4430969	-22.411943	0.405989
4438770	-22.421432	0.406508
4446571	-22.430876	0.408022
4454372	-22.440838	0.407015
4462173	-22.450903	0.408571
4469974	-22.460596	0.408006
4477775	-22.470314	0.409099
4485576	-22.480123	0.408777
4493377	-22.489937	0.410183
4501178	-22.499675	0.408654
4508979	-22.508784	0.412799
4516780	-22.515454	0.406389
4524581	-22.525240	0.414513
4532382	-22.536477	0.412901
4540183	-22.544024	0.409800
4547984	-22.553665	0.413593
4555785	-22.562728	0.413884
4563586	-22.571169	0.412242
4571387	-22.580298	0.414486
4579188	-22.589338	0.414218
4586989	-22.598061	0.414056
4594790	-22.606743	0.416288
4602591	-22.615264	0.413747
4610392	-22.623702	0.418369
4618193	-22.632474	0.414317
4625994	-22.641664	0.417951
4633795	-22.650453	0.416892
4641596	-22.658878	0.417504
4649397	-22.667592	0.418391
4657198	-22.676354	0.417905
4664999	-22.684707	0.420171
4672800	-22.691500	0.417067
4680601	-22.699372	0.422811
4688402	-22.709503	0.419413
4696203	-22.717145	0.420004
4704004	-22.725118	0.423253
4711805	-22.733536	0.420532
4719606	-22.741424	0.422696
4727407	-22.749076	0.422808
4735208	-22.756959	0.422487
4743009	-22.765055	0.424562
4750810	-22.773190	0.423077
4758611	-22.780905	0.425761
4766412	-22.788466	0.423155
4774213	-22.795473	0.428724
4782014	-22.802252	0.422816
4789815	-22.811285	0.428157
4797616	-22.819093	0.428689
4805417	-22.825828	0.425089
4813218	-22.833589	0.429790
4821019	-22.841472	0.428372
4828820	-22.848838	0.428250
4836621	-22.855989	0.430749
4844422	-22.863310	0.428631
4852223	-22.870524	0.431950
4860024	-22.877688	0.430392
4867825	-22.885328	0.431591
4875626	-22.893038	0.432424
4883427	-22.900267	0.431635
4891228	-22.907102	0.434505
4899029	-22.913261	0.430410
4906830	-22.919775	0.437787
4914631	-22.927998	0.432510
4922432	-22.935148	0.434546
4930233	-22.941272	0.437320
4938034	-22.948346	0.434375
4945835	-22.955748	0.437142
4953636	-22.962528	0.437218
4961437	-22.969114	0.436396
4969238	-22.975696	0.439325
4977039	-22.982245	0.436927
4984840	-22.989140	0.440021
4992641	-22.996285	0.438870
5000442	-23.003255	0.439898
5008243	-23.009962	0.440340
5016044	-23.016461	0.440498
5023845	-23.022716	0.441834
5031646	-23.028770	0.440034
5039447	-23.035104	0.445170
5047248	-23.042206	0.440217
5055049	-23.049036	0.443681
5062850	-23.054858	0.444591
5070651	-23.061277	0.442831
5078452	-23.067698	0.445796
5086253	-23.073898	0.443962
5094054	-23.080288	0.446827
5101855	-23.086423	0.444072
5109656	-23.092444	0.448964
5117457	-23.098468	0.444459
5125258	-23.104837	0.449530
5133059	-23.111385	0.446535
5140860	-23.117624	0.448846
5148661	-23.123723	0.448986
5156462	-23.129807	0.448947
5164263	-23.135603	0.449710
5172064	-23.141250	0.451243
5179865	-23.146534	0.447446
5187666	-23.152369	0.455340
5195467	-23.159366	0.450308
5203268	-23.164875	0.450962
5211069	-23.170392	0.454750
5218870	-23.176517	0.452046
5226671	-23.182576	0.453606
5234472	-23.188307	0.454734
5242273	-23.193883	0.453560
5250074	-23.199436	0.456514
5257875	-23.205114	0.453472
5265676	-23.211100	0.458051
5273477	-23.216918	0.454911
5281278	-23.222641	0.457689
5289079	-23.228499	0.456765
5296880	-23.234100	0.458357
5304681	-23.239745	0.457584
5312482	-23.245705	0.458877
5320283	-23.251402	0.459253
5328084	-23.256445	0.458084
5335885	-23.259696	0.465320
5343686	-23.265848	0.455886
5351487	-23.273087	0.460479
5359288	-23.276999	0.464991
5367089	-23.283303	0.460738
5374890	-23.288643	0.461315
5382691	-23.293650	0.464764
5390492	-23.299144	0.462841
5398293	-23.304465	0.463181
5406094	-23.309690	0.465405
5413895	-23.314980	0.463364
5421696	-23.320327	0.466856
5429497	-23.325477	0.463491
5437298	-23.330409	0.468527
5445099	-23.335372	0.464524
5452900	-23.341096	0.467555
5460701	-23.346781	0.467890
5468502	-23.351791	0.467131
5476303	-23.356536	0.469177
5484104	-23.361453	0.466871
5491905	-23.366841	0.471626
5499706	-23.372142	0.467269
5507507	-23.377358	0.471581
5515308	-23.382513	0.469892
5523109	-23.387639	0.470617
5530910	-23.392849	0.472259
5538711	-23.397838	0.470286
5546512	-23.402758	0.474198
5554313	-23.407736	0.470087
5562114	-23.411104	0.476838
5569915	-23.415854	0.470748
5577716	-23.422665	0.473955
5585517	-23.426482	0.476818
5593318	-23.431339	0.473190
5601119	-23.436521	0.476396
5608920	-23.440994	0.475836
5616721	-23.445931	0.475346
5624522	-23.450774	0.478371
5632323	-23.455534	0.475640
5640124	-23.460539	0.478574
5647925	-23.465405	0.477230
5655726	-23.470070	0.479645
5663527	-23.474329	0.476660
5671328	-23.477888	0.483683
5679129	-23.482906	0.476082
5686930	-23.488763	0.481059
5694731	-23.492580	0.483125
5702532	-23.497119	0.479262
5710333	-23.502364	0.482390
5718134	-23.506860	0.483303
5725935	-23.511080	0.481152
5733736	-23.515631	0.484592
5741537	-23.520384	0.482774
5749338	-23.525102	0.484404
5757139	-23.529712	0.484832
5764940	-23.534289	0.483965
5772741	-23.538668	0.487458
5780542	-23.542439	0.482415
5788343	-23.546686	0.490035
5796144	-23.550753	0.484681
5803945	-23.555929	0.487297
5811746	-23.560507	0.489408
5819547	-23.564325	0.486813
5827348	-23.568824	0.489952
5835149	-23.573147	0.487952
5842950	-23.577557	0.490322
5850751	-23.582127	0.490122
5858552	-23.586432	0.489389
5866353	-23.590562	0.492924
5874154	-23.594014	0.487929
5881955	-23.597181	0.495959
5889756	-23.602782	0.490361
5897557	-23.607651	0.491519
5905358	-23.610898	0.496362
5913159	-23.615332	0.491661
5920960	-23.619701	0.494920
5928761	-23.623493	0.495395
5936562	-23.627550	0.493417
5944363	-23.631797	0.497054
5952164	-23.636265	0.495058
5959965	-23.640523	0.496635
5967766	-23.644542	0.496738
5975567	-23.648521	0.497218
5983368	-23.652396	0.498018
5991169	-23.656272	0.497233
5998970	-23.659779	0.501465
6006771	-23.663363	0.494855
6014572	-23.668554	0.501778
6022373	-23.672177	0.501104
6030174	-23.675941	0.498489
6037975	-23.679978	0.502454
6045776	-23.683944	0.500861
6053577	-23.688198	0.501827
6061378	-23.692160	0.502322
6069179	-23.696097	0.502442
6076980	-23.700140	0.503892
6084781	-23.704053	0.502064
6092582	-23.707045	0.506972
6100383	-23.709129	0.500740
6108184	-23.714628	0.507141
6115985	-23.719079	0.507033
6123786	-23.721959	0.503333
6131587	-23.726219	0.507231
6139388	-23.730041	0.507982
6147189	-23.733402	0.504663
6154990	-23.737194	0.509929
6162791	-23.741317	0.506784
6170592	-23.745145	0.508120
6178393	-23.748794	0.510253
6186194	-23.752264	0.506830
6193995	-23.755393	0.512960
6201796	-23.758663	0.506868
6209597	-23.762967	0.511861
6217398	-23.766900	0.512425
6225199	-23.769868	0.508791
6233000	-23.773569	0.514209
6240801	-23.777522	0.511182
6248603	-23.777522	0.511182
6256404	-23.777522	0.511182
6264205	-23.781816	0.511165
6272006	-23.781816	0.511165
6279807	-23.784248	0.510787
6287608	-23.786776	0.518171
6295409	-23.788071	0.518879
6303210	-23.795654	0.514443
6311011	-23.795912	0.512472
6318812	-23.801308	0.515154
6326613	-23.803512	0.518080
6334414	-23.807428	0.517427
6342215	-23.810279	0.515793
6350016	-23.813947	0.517031
6357817	-23.816910	0.518408
6365618	-23.820572	0.517868
6373419	-23.823828	0.518136
6381220	-23.827214	0.519381
6389021	-23.830735	0.518432
6396822	-23.834165	0.520586
6404623	-23.837364	0.518144
6412424	-23.840436	0.522437
6420225	-23.844012	0.518107
6428026	-23.847280	0.523291
6435827	-23.849512	0.519048
6443628	-23.853812	0.523362
6451429	-23.857819	0.521917
6459230	-23.860746	0.521339
6467031	-23.864007	0.524453
6474832	-23.867301	0.521062
6482633	-23.870684	0.525530
6490434	-23.874217	0.522672
6498235	-23.877691	0.524976
6506036	-23.880964	0.524199
6513837	-23.884405	0.525626
6521638	-23.887957	0.524201
6529439	-23.890853	0.528493
6537240	-23.891797	0.521345
6545041	-23.895934	0.530005
6552842	-23.900590	0.528168
6560643	-23.902730	0.524046
6568444	-23.906725	0.528612
6576245	-23.909866	0.529513
6584046	-23.912701	0.526535
6591847	-23.916120	0.530030
6599648	-23.919348	0.528655
6607449	-23.922632	0.529334
6615250	-23.925937	0.530724
6623051	-23.928960	0.528918
6630852	-23.931654	0.533021
6638653	-23.934154	0.527664
6646454	-23.937828	0.534307
6654255	-23.941611	0.531074
6662056	-23.944445	0.530658
6669857	-23.947505	0.534915
6677658	-23.950645	0.530817
6685459	-23.954034	0.534197
6693260	-23.957440	0.533614
6701061	-23.960652	0.533318
6708862	-23.963687	0.535612
6716663	-23.966336	0.532579
6724464	-23.968149	0.538444
6732265	-23.971564	0.533209
6740066	-23.975920	0.534972
6747867	-23.977924	0.539346
6755668	-23.980802	0.533599
6763469	-23.984855	0.538048
6771270	-23.987616	0.538727
6779071	-23.990212	0.535433
6786872	-23.993402	0.540465
6794673	-23.996735	0.537393
6802474	-23.999741	0.539022
6810275	-24.002228	0.539780
6818076	-24.004622	0.538711
6825877	-24.007736	0.541627
6833678	-24.011060	0.538150
6841479	-24.014035	0.542743
6849280	-24.017105	0.540339
6857081	-24.020124	0.540694
6864882	-24.022926	0.543854
6872683	-24.025599	0.539482
6880484	-24.028244	0.545285
6888285	-24.031096	0.540932
6896086	-24.034513	0.544221
6903887	-24.037685	0.543669
6911688	-24.040502	0.543442
6919489	-24.043408	0.545515
6927290	-24.046080	0.542818
6935091	-24.048348	0.548557
6942892	-24.050985	0.542081
6950693	-24.054806	0.547651
6958494	-24.057849	0.546706
6966295	-24.060408	0.545170
6974096	-24.063429	0.548750
6981897	-24.066465	0.546244
6989698	-24.069020	0.549142
6997499	-24.071532	0.546831
7005300	-24.074242	0.550397
7013101	-24.076782	0.547313
7020902	-24.079953	0.550914
7028703	-24.083370	0.548922
7036504	-24.086112	0.550567
7044305	-24.088797	0.550995
7052106	-24.091467	0.549453
7059907	-24.093726	0.554170
7067708	-24.095981	0.548560
7075509	-24.099497	0.553878
7083310	-24.102786	0.552111
7091111	-24.105217	0.552335
7098912	-24.107687	0.553388
7106713	-24.110289	0.553694
7114514	-24.113484	0.553927
7122315	-24.116451	0.553576
7130116	-24.118912	0.556486
7137917	-24.121215	0.552380
7145718	-24.123385	0.558678
7153519	-24.125608	0.553051
7161320	-24.128801	0.557874
7169121	-24.131978	0.556848
7176922	-24.134322	0.554744
7184723	-24.136944	0.559270
7192524	-24.139765	0.556474
7200325	-24.142494	0.558140
7208126	-24.145361	0.558899
7215927	-24.148106	0.557594
7223728	-24.150616	0.560863
7231529	-24.152602	0.556586
7239330	-24.154263	0.563528
7247131	-24.157717	0.557910
7254932	-24.161142	0.560019
7262733	-24.163192	0.563041
7270534	-24.165843	0.559679
7278335	-24.168889	0.561984
7286136	-24.171565	0.562567
7293937	-24.174071	0.561412
7301738	-24.176663	0.564263
7309539	-24.179047	0.561258
7317340	-24.181375	0.565711
7325141	-24.184140	0.562246
7332942	-24.186920	0.564992
7340743	-24.189790	0.564941
7348544	-24.192462	0.564099
7356345	-24.194930	0.566959
7364146	-24.197205	0.563511
7371947	-24.198622	0.569754
7379748	-24.201348	0.563439
7387549	-24.205233	0.567600
7395350	-24.207271	0.568815
7403151	-24.209527	0.565499
7410952	-24.212392	0.569236
7418753	-24.214887	0.568397
7426554	-24.217210	0.567550
7434355	-24.219667	0.570628
7442156	-24.222041	0.568565
7449957	-24.225017	0.570095
7457758	-24.227670	0.570710
7465559	-24.230040	0.569818
7473360	-24.232638	0.572365
7481161	-24.234825	0.568977
7488962	-24.236230	0.575627
7496763	-24.237079	0.568639
7504564	-24.241325	0.573175
7512365	-24.243826	0.574968
7520166	-24.245646	0.570824
7527967	-24.249166	0.572875
7535768	-24.250840	0.575375
7543569	-24.253241	0.572356
7551370	-24.255992	0.575426
7559171	-24.258112	0.574859
7566972	-24.260406	0.574240
7574773	-24.262734	0.576891
7582574	-24.264975	0.574161
7590375	-24.267571	0.578206
7598176	-24.269893	0.574675
7605977	-24.272083	0.578890
7613778	-24.274521	0.575225
7621579	-24.277060	0.579575
7629380	-24.279554	0.576737
7637181	-24.282073	0.579378
7644982	-24.284352	0.578096
7652783	-24.286246	0.580320
7660584	-24.287759	0.578048
7668385	-24.290029	0.581866
7676186	-24.293222	0.578241
7683987	-24.295437	0.581888
7691788	-24.297694	0.580981
7699589	-24.300042	0.579565
7707390	-24.302130	0.583892
7715191	-24.304340	0.579961
7722992	-24.306562	0.583438
7730793	-24.308974	0.581439
7738594	-24.311239	0.584192
7746395	-24.313060	0.581397
7754196	-24.315076	0.585636
7761997	-24.317651	0.582607
7769798	-24.320271	0.584784
7777599	-24.322624	0.584500
7785400	-24.324764	0.585455
7793201	-24.326871	0.584488
7801002	-24.329047	0.586925
7808803	-24.331510	0.585333
7816604	-24.334056	0.586883
7824405	-24.336485	0.586566
7832206	-24.338822	0.587523
7840007	-24.340821	0.586323
7847808	-24.340821	0.586323
7855609	-24.342092	0.583053
7863410	-24.347388	0.588031
7871211	-24.347412	0.592680
7879012	-24.351292	0.587818
7886813	-24.352822	0.587385
7894614	-24.354939	0.591556
7902415	-24.357640	0.590730
7910216	-24.359247	0.588600
7918017	-24.361408	0.592551
7925818	-24.363695	0.590614
7933619	-24.365512	0.591140
7941420	-24.367319	0.593099
7949221	-24.369242	0.591175
7957022	-24.371769	0.593687
7964823	-24.374202	0.591866
7972624	-24.376132	0.595025
7980425	-24.378096	0.592091
7988226	-24.380253	0.595252
7996027	-24.382365	0.593783
8003828	-24.384663	0.595352
8011629	-24.386559	0.593719
8019430	-24.386986	0.599074
8027231	-24.388874	0.592120
8035032	-24.392786	0.596682
8042833	-24.394149	0.598483
8050634	-24.396209	0.594812
8058435	-24.398705	0.597713
8066236	-24.400551	0.598085
8074037	-24.402635	0.596813
8081838	-24.404771	0.599305
8089639	-24.406537	0.597097
8097440	-24.408428	0.600456
8105241	-24.410545	0.597858
8113042	-24.412373	0.601024
8120843	-24.414149	0.598451
8128644	-24.416801	0.601020
8136445	-24.419053	0.600919
8144246	-24.420678	0.599750
8152047	-24.422640	0.603246
8159848	-24.424146	0.598802
8167649	-24.425267	0.605207
8175450	-24.428286	0.600735
8183251	-24.430547	0.602199
8191052	-24.432271	0.604427
8198853	-24.434500	0.602108
8206654	-24.436252	0.604486
8214455	-24.437925	0.603336
8222256	-24.439961	0.605819
8230057	-24.441797	0.602623
8237858	-24.443379	0.607498
8245659	-24.445618	0.603688
8253460	-24.448053	0.606366
8261261	-24.449938	0.606356
8269062	-24.451825	0.605949
8276863	-24.453634	0.607473
8284664	-24.455350	0.606851
8292465	-24.457051	0.607392
8300266	-24.458787	0.609934
8308067	-24.459828	0.604405
8315868	-24.461632	0.611769
8323669	-24.464880	0.608602
8331470	-24.466128	0.607175
8339271	-24.467640	0.611656
8347072	-24.470172	0.609061
8354873	-24.472048	0.609391
8362674	-24.473708	0.612248
8370475	-24.475447	0.609048
8378276	-24.477218	0.612848
8386077	-24.479059	0.610147
8393878	-24.481050	0.613332
8401679	-24.483068	0.611474
8409480	-24.484887	0.613179
8417281	-24.486376	0.612668
8425082	-24.487962	0.614996
8432883	-24.489750	0.611430
8440684	-24.491500	0.616473
8448485	-24.493229	0.612439
8456286	-24.495512	0.615765
8464087	-24.497530	0.615368
8471888	-24.498972	0.614060
8479689	-24.500711	0.617482
8487490	-24.502208	0.614105
8495291	-24.503966	0.618237
8503092	-24.506142	0.615352
8510893	-24.508037	0.617519
8518694	-24.509648	0.617586
8526495	-24.511400	0.616942
8534296	-24.513054	0.619073
8542097	-24.514841	0.617391
8549898	-24.516720	0.620370
8557699	-24.518356	0.617292
8565500	-24.519081	0.621920
8573301	-24.520013	0.616683
8581102	-24.523377	0.621307
8588903	-24.525030	0.621702
8596704	-24.526215	0.618475
8604505	-24.528439	0.622206
8612306	-24.530231	0.620984
8620107	-24.531819	0.621249
8627908	-24.533539	0.622977
8635709	-24.535132	0.620701
8643510	-24.536506	0.624798
8651311	-24.538074	0.620955
8659112	-24.540020	0.624884
8666913	-24.541675	0.622789
8674714	-24.543355	0.624274
8682515	-24.545302	0.624553
8690316	-24.546943	0.623913
8698117	-24.548368	0.626221
8705918	-24.549776	0.623102
8713719	-24.550848	0.628785
8721520	-24.552589	0.623732
8729321	-24.555015	0.626535
8737122	-24.556482	0.627788
8744923	-24.557883	0.625144
8752724	-24.559598	0.628494
8760525	-24.561354	0.626582
8768326	-24.562954	0.628486
8776127	-24.564554	0.627589
8783928	-24.566332	0.629091
8791729	-24.567936	0.627840
8799530	-24.569118	0.630727
8807331	-24.570224	0.627437
8815132	-24.571786	0.632013
8822933	-24.574008	0.628295
8830734	-24.575924	0.630947
8838535	-24.577355	0.631453
8846336	-24.578691	0.629474
8854137	-24.580425	0.632696
8861938	-24.582313	0.630620
8869739	-24.583936	0.632623
8877540	-24.585504	0.631223
8885341	-24.587094	0.633844
8893142	-24.588400	0.630981
8900943	-24.589309	0.635617
8908744	-24.590664	0.630931
8916545	-24.592515	0.635716
8924346	-24.594399	0.633760
8932147	-24.596158	0.633420
8939948	-24.597639	0.636074
8947749	-24.598900	0.633705
8955550	-24.600304	0.636477
8963351	-24.602189	0.634450
8971152	-24.603937	0.636777
8978953	-24.605527	0.635427
8986754	-24.607019	0.637465
8994555	-24.608202	0.635074
9002356	-24.609043	0.640180
9010157	-24.610545	0.634828
9017958	-24.612599	0.638721
9025759	-24.614116	0.638151
9033560	-24.615756	0.637602
9041361	-24.617365	0.639210
9049162	-24.618753	0.638599
9056963	-24.620397	0.639810
9064764	-24.621602	0.638050
9072565	-24.622336	0.642536
9080366	-24.623671	0.637600
9088167	-24.625820	0.641566
9095968	-24.627615	0.640927
9103769	-24.628852	0.640055
9111570	-24.630033	0.642407
9119371	-24.631743	0.640611
9127172	-24.633540	0.642358
9134973	-24.635120	0.642178
9142774	-24.636625	0.641685
9150575	-24.637746	0.644534
9158376	-24.637755	0.639354
9166177	-24.639298	0.646645
9173978	-24.642379	0.643148
9181779	-24.643133	0.642068
9189580	-24.644436	0.646010
9197381	-24.646417	0.643735
9205182	-24.647644	0.644433
9212983	-24.648850	0.645895
9220784	-24.650493	0.644788
9228585	-24.651890	0.645425
9236386	-24.653398	0.646943
9244187	-24.654674	0.644254
9251988	-24.655043	0.649261
9259789	-24.655992	0.644264
9267590	-24.658998	0.648029
9275391	-24.660234	0.648401
9283192	-24.661105	0.645524
9290993	-24.662823	0.649757
9298794	-24.664510	0.647786
9306595	-24.665692	0.647844
9314396	-24.666857	0.649890
9322197	-24.668102	0.647912
9329998	-24.669377	0.650666
9337799	-24.670972	0.648156
9345600	-24.672853	0.651063
9353401	-24.674224	0.649596
9361202	-24.675472	0.650870
9369004	-24.675472	0.650870
9376805	-24.675472	0.650870
9384606	-24.675472	0.650870
9392407	-24.675472	0.650870
9400208	-24.676075	0.650823
9408009	-24.677058	0.648864
9415810	-24.677586	0.651250
9423611	-24.680814	0.653612
9431412	-24.681057	0.653219
9439213	-24.682940	0.651397
9447014	-24.684040	0.651177
9454815	-24.685280	0.653159
9462616	-24.686601	0.653675
9470417	-24.687718	0.652332
9478218	-24.689125	0.653608
9486019	-24.690243	0.653644
9493820	-24.691313	0.654380
9501621	-24.691753	0.652105
9509422	-24.692337	0.657576
9517223	-24.694951	0.653025
9525024	-24.696582	0.654146
9532825	-24.697127	0.656997
9540626	-24.698533	0.654036
9548427	-24.700336	0.656076
9556228	-24.701646	0.656527
9564029	-24.702876	0.654902
9571830	-24.703824	0.658546
9579631	-24.704650	0.654422
9587432	-24.706181	0.658796
9595233	-24.708278	0.656717
9603034	-24.709636	0.657145
9610835	-24.710759	0.658945
9618636	-24.711911	0.656866
9626437	-24.712953	0.659948
9634238	-24.714424	0.657354
9642039	-24.715895	0.660286
9649840	-24.715915	0.657817
9657641	-24.716964	0.661195
9665442	-24.719475	0.658988
9673243	-24.720669	0.660064
9681044	-24.721840	0.660943
9688845	-24.723187	0.659632
9696646	-24.724296	0.662342
9704447	-24.725564	0.659741
9712248	-24.726593	0.662576
9720049	-24.727480	0.660078
9727850	-24.728864	0.663649
9735651	-24.729971	0.660306
9743452	-24.731122	0.663703
9751253	-24.732754	0.662435
9759054	-24.734294	0.662516
9766855	-24.735394	0.664153
9774656	-24.736409	0.661995
9782457	-24.737135	0.665927
9790258	-24.737683	0.661549
9798059	-24.739712	0.666132
9805860	-24.741553	0.664429
9813661	-24.742272	0.663406
9821462	-24.743197	0.667105
9829263	-24.744602	0.663753
9837064	-24.745886	0.666532
9844865	-24.747055	0.665872
9852666	-24.748284	0.665305
9860467	-24.748827	0.668139
9868268	-24.749352	0.664747
9876069	-24.751438	0.668587
9883870	-24.752846	0.666680
9891671	-24.753878	0.667634
9899472	-24.755053	0.668125
9907273	-24.756260	0.667178
9915074	-24.757256	0.670034
9922875	-24.758192	0.666815
9930676	-24.759382	0.670519
9938477	-24.760431	0.667881
9946278	-24.761461	0.670625
9954079	-24.762818	0.668578
9961880	-24.764262	0.670438
9969681	-24.765520	0.670518
9977482	-24.766730	0.669713
9985283	-24.767652	0.671935
9993084	-24.767915	0.668728
10000885	-24.768066	0.674374
10008686	-24.770250	0.669524
10016487	-24.772048	0.671761
10024288	-24.772664	0.673479
10032089	-24.773885	0.670976
10039890	-24.775263	0.673027
10047691	-24.776468	0.673121
10055492	-24.777582	0.672443
10063293	-24.778504	0.674430
10071094	-24.779273	0.671903
10078895	-24.779796	0.676525
10086696	-24.780422	0.671914
10094497	-24.782394	0.675165
10102298	-24.783686	0.675845
10110099	-24.784078	0.673260
10117900	-24.785621	0.676443
10125701	-24.787109	0.675062
10133502	-24.788030	0.676042
10141303	-24.789203	0.676469
10149104	-24.790198	0.674950
10156905	-24.790918	0.678576
10164706	-24.791557	0.674739
10172507	-24.792397	0.679058
10180308	-24.793248	0.676116
10188109	-24.794944	0.677992
10195910	-24.796319	0.678881
10203711	-24.796831	0.676603
10211512	-24.797916	0.679667
10219313	-24.799466	0.677881
10227114	-24.800557	0.679458
10234915	-24.801542	0.679011
10242716	-24.802590	0.679115
10250517	-24.803567	0.680834
10258318	-24.803954	0.677858
10266119	-24.803954	0.677858
10273920	-24.805646	0.678713
10281721	-24.807823	0.680375
10289522	-24.808092	0.682315
10297323	-24.809193	0.680178
10305124	-24.810837	0.681550
10312925	-24.811644	0.682116
10320726	-24.812327	0.681035
10328527	-24.813455	0.683534
10336328	-24.814560	0.680845
10344129	-24.815386	0.684616
10351930	-24.815965	0.681110
10359731	-24.817252	0.684455
10367532	-24.818653	0.683420
10375333	-24.819531	0.682917
10383134	-24.820637	0.685053
10390935	-24.821734	0.683785
10398736	-24.822769	0.684855
10406537	-24.823772	0.684517
10414338	-24.824452	0.686270
10422139	-24.824452	0.686270
10429940	-24.824452	0.686270
10437741	-24.827536	0.685343
10445542	-24.827536	0.685343
10453343	-24.828774	0.688324
10461144	-24.830278	0.686850
10468945	-24.830925	0.685647
10476746	-24.832021	0.687914
10484547	-24.833086	0.687277
10492348	-24.834118	0.687119
10500149	-24.834938	0.688551
10507950	-24.835650	0.686955
10515751	-24.835965	0.690217
10523552	-24.836891	0.686377
10531353	-24.838709	0.689840
10539154	-24.839491	0.689320
10546955	-24.839929	0.689151
10554756	-24.840830	0.688901
10562557	-24.841730	0.691595
10570358	-24.842585	0.688214
10578159	-24.843907	0.691531
10585960	-24.845054	0.690023
10593761	-24.845997	0.690315
10601562	-24.846687	0.692064
10609363	-24.847611	0.690092
10617164	-24.848270	0.692970
10624965	-24.848270	0.692970
10632766	-24.848744	0.694319
10640567	-24.851278	0.691740
10648368	-24.851799	0.690804
10656169	-24.852201	0.694983
10663970	-24.853761	0.691997
10671771	-24.854748	0.692736
10679572	-24.855351	0.694627
10687373	-24.856165	0.692419
10695174	-24.857215	0.694468
10702975	-24.858428	0.694149
10710776	-24.859347	0.693970
10718577	-24.859881	0.695770
10726378	-24.859881	0.695770
10734179	-24.860693	0.697567
10741980	-24.862596	0.694499
10749781	-24.863065	0.695333
10757582	-24.863798	0.696286
10765383	-24.865449	0.696177
10773184	-24.866189	0.695518
10780985	-24.866882	0.697533
10788786	-24.867818	0.695736
10796587	-24.868634	0.697958
10804388	-24.868934	0.695839
10812189	-24.868934	0.695839
10819990	-24.870273	0.695827
10827791	-24.872009	0.697764
10835592	-24.872245	0.699538
10843393	-24.873550	0.697410
10851194	-24.874481	0.699053
10858995	-24.875353	0.698614
10866796	-24.876263	0.699113
10874597	-24.876981	0.699413
10882398	-24.877860	0.699380
10890199	-24.878660	0.700284
10898000	-24.879347	0.698406
10905801	-24.879347	0.698406
10913602	-24.879413	0.697595
10921403	-24.881804	0.701969
10929204	-24.882717	0.701774
10937005	-24.883013	0.699253
10944806	-24.884255	0.702446
10952607	-24.885469	0.701747
10960408	-24.886125	0.700563
10968209	-24.886534	0.703458
10976010	-24.887177	0.700650
10983811	-24.888155	0.703667
10991612	-24.889302	0.701728
10999413	-24.890409	0.703210
11007214	-24.891230	0.703346
11015015	-24.891723	0.702656
11022816	-24.891723	0.702656
11030617	-24.891723	0.702656
11038418	-24.894118	0.705051
11046219	-24.894357	0.703908
11054020	-24.895388	0.704683
11061821	-24.896745	0.704763
11069622	-24.897117	0.704270
11077423	-24.897946	0.706085
11085224	-24.898945	0.704392
11093025	-24.899492	0.706811
11100826	-24.899492	0.706811
11108627	-24.899686	0.708911
11116428	-24.901899	0.705061
11124229	-24.902775	0.705575
11132030	-24.902873	0.708505
11139831	-24.903908	0.705537
11147632	-24.905169	0.707615
11155433	-24.906024	0.707660
11163234	-24.906686	0.707000
11171035	-24.907141	0.708836
11178836	-24.907239	0.706480
11186637	-24.907736	0.710370
11194438	-24.909442	0.707719
11202239	-24.910544	0.707990
11210040	-24.910869	0.710253
11217841	-24.911508	0.707496
11225642	-24.912423	0.710851
11233443	-24.913350	0.708531
11241244	-24.914212	0.710125
11249045	-24.914715	0.709979
11256846	-24.915524	0.709534
11264647	-24.916201	0.711621
11272448	-24.916268	0.708403
11280249	-24.917106	0.712886
11288050	-24.918673	0.709846
11295851	-24.919588	0.710684
11303652	-24.920057	0.712714
11311453	-24.920535	0.710084
11319254	-24.921133	0.713167
11327055	-24.922112	0.711159
11334856	-24.923226	0.712424
11342657	-24.924018	0.712745
11350458	-24.924363	0.711778
11358259	-24.924724	0.714339
11366060	-24.925431	0.711500
11373861	-24.926352	0.714295
11381662	-24.926932	0.712319
11389463	-24.926932	0.712319
11397264	-24.928701	0.712993
11405065	-24.929783	0.713968
11412866	-24.930140	0.714602
11420667	-24.930907	0.714222
11428468	-24.931599	0.715062
11436269	-24.932341	0.713887
11444070	-24.932743	0.717099
11451871	-24.932743	0.717099
11459672	-24.933926	0.717156
11467473	-24.935292	0.715525
11475274	-24.935835	0.715125
11483075	-24.936540	0.717010
11490876	-24.937166	0.715837
11498677	-24.937899	0.716566
11506478	-24.938805	0.716368
11514279	-24.939628	0.717421
11522080	-24.940140	0.716152
11529881	-24.940140	0.716152
11537682	-24.940140	0.716152
11545483	-24.941768	0.719320
11553284	-24.942837	0.718453
11561085	-24.942943	0.716475
11568886	-24.944178	0.719407
11576687	-24.945327	0.718739
11584488	-24.945586	0.717600
11592289	-24.946159	0.720030
11600090	-24.946884	0.718366
11607891	-24.947465	0.719250
11615692	-24.947582	0.720315
11623493	-24.948368	0.718104
11631294	-24.949562	0.721288
11639095	-24.949867	0.719199
11646896	-24.950288	0.720585
11654697	-24.951723	0.719712
11662498	-24.952549	0.721300
11670299	-24.952971	0.720233
11678100	-24.953667	0.721394
11685901	-24.954598	0.720528
11693702	-24.955264	0.721848
11701503	-24.955488	0.720614
11709304	-24.955488	0.720614
11717105	-24.955488	0.720614
11724906	-24.957809	0.723173
11732707	-24.957809	0.723173
11740508	-24.958192	0.720544
11748309	-24.959798	0.723033
11756110	-24.960112	0.724200
11763911	-24.960610	0.721756
11771712	-24.961401	0.723831
11779513	-24.962204	0.723967
11787314	-24.962665	0.722765
11795115	-24.962739	0.725182
11802916	-24.963582	0.722677
11810717	-24.964621	0.725233
11818518	-24.964987	0.723771
11826319	-24.965372	0.725177
11834120	-24.966187	0.724146
11841921	-24.967190	0.725704
11849722	-24.967622	0.723999
11857523	-24.968009	0.726902
11865324	-24.968823	0.724061
11873125	-24.969544	0.726753
11880926	-24.969730	0.725222
11888727	-24.970133	0.726978
11896528	-24.971546	0.725529
11904329	-24.972238	0.727012
11912130	-24.972538	0.726390
11919931	-24.973439	0.727120
11927732	-24.974093	0.726789
11935533	-24.974693	0.727778
11943334	-24.975489	0.726563
11951135	-24.975804	0.729415
11958936	-24.975804	0.729415
11966737	-24.975804	0.729415
11974538	-24.977333	0.727892
11982339	-24.977579	0.727303
11990140	-24.978538	0.729890
11997941	-24.979206	0.728506
12005742	-24.979901	0.728005
12013543	-24.980375	0.729812
12021344	-24.981027	0.728707
12029145	-24.981723	0.729677
12036946	-24.982233	0.729266
12044747	-24.982751	0.730456
12052548	-24.983022	0.728505
12060349	-24.983022	0.728505
12068150	-24.983670	0.728137
12075951	-24.985336	0.731146
12083752	-24.985901	0.731236
12091553	-24.985932	0.729472
12099354	-24.986488	0.732241
12107155	-24.987561	0.730593
12114956	-24.988327	0.731065
12122757	-24.988954	0.732293
12130558	-24.989368	0.730441
12138359	-24.989368	0.730441
12146160	-24.989368	0.730441
12153961	-24.990734	0.733109
12161762	-24.991712	0.732148
12169563	-24.991833	0.732336
12177364	-24.992591	0.733383
12185165	-24.993537	0.732868
12192966	-24.994070	0.732496
12200767	-24.994142	0.734748
12208568	-24.994142	0.734748
12216369	-24.994246	0.735876
12224170	-24.995371	0.732968
12231971	-24.996386	0.733518
12239772	-24.996815	0.735487
12247573	-24.997643	0.733386
12255374	-24.998177	0.734770
12263175	-24.998837	0.734728
12270976	-24.999520	0.734500
12278777	-25.000020	0.735939
12286578	-25.000460	0.733996
12294379	-25.000597	0.737008
12302180	-25.000597	0.737008
12309981	-25.001065	0.737410
12317782	-25.002595	0.735728
12325583	-25.003073	0.734862
12333384	-25.003166	0.738116
12341185	-25.003995	0.735419
12348986	-25.005113	0.736567
12356787	-25.005511	0.737276
12364588	-25.005772	0.736186
12372389	-25.006152	0.738263
12380190	-25.006607	0.736131
12387991	-25.007560	0.738200
12395792	-25.008244	0.737040
12403593	-25.008244	0.737040
12411394	-25.008244	0.737040
12419195	-25.009120	0.739493
12426996	-25.010005	0.737632
12434797	-25.010265	0.738616
12442598	-25.011257	0.738846
12450399	-25.011843	0.738241
12458200	-25.012196	0.740067
12466001	-25.012680	0.738042
12473802	-25.013261	0.740299
12481603	-25.013427	0.738393
12489405	-25.013427	0.738393
12497206	-25.013427	0.738393
12505007	-25.014081	0.738961
12512808	-25.014081	0.738961
12520609	-25.014081	0.738961
12528410	-25.014081	0.738961
12536211	-25.014081	0.738961
12544012	-25.016027	0.739806
12551813	-25.016027	0.739806
12559614	-25.016514	0.740053
12567415	-25.016514	0.740053
12575216	-25.017337	0.741123
12583017	-25.017565	0.739622
12590818	-25.018402	0.741016
12598619	-25.018618	0.742161
12606420	-25.019427	0.740890
12614221	-25.019829	0.741060
12622022	-25.020333	0.742330
12629823	-25.020917	0.741516
12637624	-25.021267	0.742181
12645425	-25.021321	0.742122
12653226	-25.021321	0.742122
12661027	-25.021715	0.741777
12668828	-25.023381	0.742980
12676629	-25.023381	0.742980
12684430	-25.023888	0.741685
12692231	-25.024136	0.744855
12700032	-25.024136	0.744855
12707833	-25.024703	0.744742
12715634	-25.026205	0.743424
12723435	-25.026404	0.743344
12731236	-25.026834	0.744873
12739037	-25.027436	0.743279
12746838	-25.027947	0.745433
12754639	-25.028558	0.743663
12762440	-25.029109	0.745139
12770241	-25.029541	0.744622
12778042	-25.030167	0.745475
12785843	-25.030662	0.744853
12793644	-25.030947	0.745533
12801445	-25.031472	0.745621
12809246	-25.032025	0.745968
12817047	-25.032390	0.745055
12824848	-25.032578	0.747885
12832649	-25.033269	0.744745
12840450	-25.034233	0.747227
12848251	-25.034233	0.747227
12856052	-25.034233	0.747227
12863853	-25.034581	0.745359
12871654	-25.036145	0.747555
12879455	-25.036145	0.747555
12887256	-25.036549	0.746752
12895057	-25.037585	0.748243
12902858	-25.037998	0.747532
12910659	-25.038098	0.748159
12918460	-25.038449	0.747741
12926261	-25.039045	0.749494
12934062	-25.039621	0.747194
12941863	-25.039633	0.750072
12949664	-25.039633	0.750072
12957465	-25.040069	0.750692
12965266	-25.041802	0.749061
12973067	-25.041802	0.749061
12980868	-25.041956	0.751145
12988669	-25.042923	0.749056
12996470	-25.043503	0.750055
13004271	-25.043915	0.750195
13012072	-25.044164	0.750360
13019873	-25.044164	0.750360
13027674	-25.044854	0.750759
13035475	-25.045870	0.750777
13043276	-25.046135	0.751244
13051077	-25.046529	0.751014
13058878	-25.046529	0.751014
13066679	-25.046529	0.751014
13074480	-25.046529	0.751014
13082281	-25.048289	0.751493
13090082	-25.048289	0.751493
13097883	-25.048667	0.753377
13105684	-25.049789	0.752447
13113485	-25.049979	0.751923
13121286	-25.050384	0.753639
13129087	-25.050854	0.752277
13136888	-25.051239	0.753536
13144689	-25.051584	0.752885
13152490	-25.051655	0.753732
13160291	-25.051664	0.753401
13168092	-25.052365	0.754552
13175893	-25.052962	0.752265
13183694	-25.053057	0.755682
13191495	-25.054258	0.753453
13199296	-25.054906	0.753777
13207097	-25.054984	0.755484
13214898	-25.055376	0.753564
13222699	-25.055659	0.755781
13230500	-25.055659	0.755781
13238301	-25.055659	0.755781
13246102	-25.056946	0.754745
13253903	-25.057735	0.754967
13261704	-25.057735	0.754967
13269505	-25.057977	0.754544
13277306	-25.058820	0.756795
13285107	-25.059258	0.755430
13292908	-25.059258	0.755430
13300709	-25.059718	0.756082
13308510	-25.060635	0.756410
13316311	-25.060967	0.757582
13324112	-25.060967	0.757582
13331913	-25.060967	0.757582
13339714	-25.061104	0.756009
13347515	-25.062081	0.757632
13355316	-25.062351	0.758165
13363117	-25.063346	0.757064
13370918	-25.063715	0.758395
13378719	-25.063723	0.757824
13386520	-25.064352	0.758517
13394321	-25.064864	0.757610
13402122	-25.065039	0.759882
13409923	-25.065100	0.757110
13417724	-25.065635	0.760099
13425525	-25.066423	0.758576
13433326	-25.066877	0.759275
13441127	-25.067091	0.759455
13448928	-25.067691	0.759524
13456729	-25.068331	0.759808
13464530	-25.068512	0.760145
13472331	-25.068512	0.760145
13480132	-25.068512	0.760145
13487933	-25.068512	0.760145
13495734	-25.070475	0.760811
13503535	-25.070475	0.760811
13511336	-25.070475	0.760811
13519137	-25.071580	0.761355
13526938	-25.071757	0.761976
13534739	-25.072005	0.760284
13542540	-25.072446	0.762314
13550341	-25.072617	0.760991
13558142	-25.072921	0.762818
13565943	-25.073630	0.760886
13573744	-25.073931	0.763081
13581545	-25.074105	0.762068
13589346	-25.074105	0.762068
13597147	-25.074105	0.762068
13604948	-25.075389	0.764117
13612749	-25.075692	0.762198
13620550	-25.076132	0.763286
13628351	-25.076931	0.763677
13636152	-25.077207	0.762687
13643953	-25.077303	0.764625
13651754	-25.077609	0.762600
13659555	-25.077633	0.765064
13667356	-25.077633	0.765064
13675157	-25.078080	0.765180
13682958	-25.079438	0.764357
13690759	-25.079680	0.763699
13698560	-25.079680	0.763699
13706361	-25.080218	0.763827
13714162	-25.081113	0.765607
13721963	-25.081489	0.765039
13729764	-25.081538	0.765286
13737565	-25.081538	0.765286
13745366	-25.081538	0.765286
13753167	-25.082649	0.766091
13760968	-25.083212	0.765230
13768769	-25.083212	0.765230
13776570	-25.083212	0.765230
13784371	-25.083584	0.767231
13792172	-25.083843	0.766224
13799973	-25.084767	0.766987
13807774	-25.085382	0.767274
13815575	-25.085629	0.766856
13823376	-25.085807	0.767659
13831177	-25.085979	0.766614
13838978	-25.086007	0.769083
13846779	-25.086106	0.766149
13854580	-25.086938	0.768975
13862381	-25.088036	0.767956
13870182	-25.088173	0.767427
13877983	-25.088173	0.767427
13885784	-25.088173	0.767427
13893585	-25.088545	0.769814
13901386	-25.089102	0.768547
13909187	-25.089675	0.768553
13916988	-25.090080	0.770196
13924789	-25.090429	0.768493
13932590	-25.090552	0.770184
13940391	-25.090822	0.769283
13948192	-25.091774	0.770393
13955993	-25.092337	0.769744
13963794	-25.092540	0.770453
13971595	-25.092718	0.769923
13979396	-25.092827	0.771292
13987197	-25.092928	0.769672
13994998	-25.093210	0.772258
14002799	-25.093505	0.769698
14010600	-25.093505	0.769698
14018401	-25.094109	0.770775
14026202	-25.095497	0.771290
14034003	-25.095497	0.771290
14041804	-25.095497	0.771290
14049605	-25.096200	0.772612
14057406	-25.096589	0.771443
14065207	-25.096645	0.772929
14073008	-25.096873	0.771521
14080809	-25.097648	0.773137
14088610	-25.098262	0.772468
14096411	-25.098262	0.772468
14104212	-25.098262	0.772468
14112013	-25.098262	0.772468
14119814	-25.098262	0.772468
14127615	-25.099124	0.774105
14135416	-25.099311	0.774000
14143217	-25.099855	0.772998
14151018	-25.100314	0.774671
14158819	-25.100841	0.773620
14166620	-25.101308	0.773772
14174421	-25.101457	0.775259
14182222	-25.101457	0.775259
14190023	-25.101496	0.775906
14197824	-25.102055	0.773586
14205625	-25.102814	0.775726
14213426	-25.102954	0.775076
14221227	-25.103208	0.775056
14229028	-25.103555	0.775962
14236829	-25.103636	0.774911
14244630	-25.104446	0.776114
14252431	-25.104940	0.776488
14260232	-25.104940	0.776488
14268033	-25.104940	0.776488
14275834	-25.105222	0.775376
14283635	-25.106080	0.775622
14291436	-25.106080	0.775622
14299237	-25.106627	0.776046
14307038	-25.107181	0.776545
14314839	-25.107181	0.776545
14322640	-25.107323	0.776458
14330441	-25.107923	0.778004
14338242	-25.108579	0.777248
14346043	-25.108865	0.777391
14353844	-25.108865	0.777391
14361645	-25.108865	0.777391
14369446	-25.108865	0.777391
14377247	-25.110154	0.778798
14385048	-25.110154	0.778798
14392849	-25.110154	0.778798
14400650	-25.110960	0.778230
14408451	-25.110960	0.778230
14416252	-25.111065	0.779633
14424053	-25.111728	0.778591
14431854	-25.112385	0.779481
14439655	-25.112700	0.779757
14447456	-25.112791	0.779064
14455257	-25.112791	0.779064
14463058	-25.112791	0.779064
14470859	-25.112791	0.779064
14478660	-25.113647	0.779801
14486461	-25.113724	0.779746
14494262	-25.113894	0.781559
14502063	-25.115044	0.780278
14509864	-25.115349	0.780868
14517665	-25.115399	0.781363
14525466	-25.115763	0.780617
14533267	-25.115967	0.782113
14541068	-25.116108	0.780278
14548869	-25.116290	0.782784
14556670	-25.116667	0.781005
14564471	-25.117300	0.782132
14572272	-25.117791	0.782041
14580073	-25.118168	0.781703
14587874	-25.118168	0.781703
14595675	-25.118168	0.781703
14603476	-25.118253	0.782690
14611277	-25.118763	0.783510
14619078	-25.118763	0.783510
14626879	-25.118763	0.783510
14634680	-25.120341	0.783408
14642481	-25.120341	0.783408
14650282	-25.120370	0.784283
14658083	-25.121051	0.783568
14665884	-25.121051	0.783568
14673685	-25.121170	0.784241
14681486	-25.121859	0.783654
14689287	-25.122169	0.784262
14697088	-25.122374	0.784642
14704889	-25.122458	0.783379
14712690	-25.122458	0.783379
14720491	-25.122458	0.783379
14728292	-25.123027	0.785333
14736093	-25.123158	0.786375
14743894	-25.123158	0.786375
14751695	-25.124483	0.785326
14759496	-25.124483	0.785326
14767297	-25.124487	0.784501
14775098	-25.125304	0.786411
14782899	-25.125713	0.785715
14790700	-25.125778	0.785561
14798501	-25.125778	0.785561
14806302	-25.125778	0.785561
14814103	-25.126159	0.786956
14821904	-25.127021	0.786099
14829705	-25.127398	0.786906
14837506	-25.127543	0.786736
14845307	-25.127616	0.787465
14853108	-25.127616	0.787465
14860909	-25.127616	0.787465
14868710	-25.128242	0.786464
14876511	-25.128242	0.786464
14884312	-25.128404	0.788241
14892113	-25.129420	0.787677
14899914	-25.129511	0.787829
14907715	-25.129710	0.788597
14915516	-25.130400	0.787977
14923317	-25.130558	0.788014
14931118	-25.130579	0.788604
14938919	-25.130579	0.788604
14946720	-25.130579	0.788604
14954521	-25.130824	0.790078
14962322	-25.130824	0.790078
14970123	-25.130824	0.790078
14977924	-25.131621	0.788609
14985725	-25.132443	0.789109
14993526	-25.132512	0.790479
15001327	-25.132602	0.788923
15009128	-25.133323	0.790291
15016929	-25.133618	0.789564
15024730	-25.133804	0.790535
15032531	-25.133875	0.789645
15040332	-25.133875	0.789645
15048133	-25.134453	0.789806
15055934	-25.134924	0.791060
15063735	-25.134924	0.791060
15071536	-25.134924	0.791060
15079337	-25.134924	0.791060
15087138	-25.134924	0.791060
15094939	-25.135854	0.791515
15102740	-25.135854	0.791515
15110541	-25.136619	0.791824
15118342	-25.136855	0.791701
15126143	-25.136855	0.791701
15133944	-25.137322	0.791935
15141745	-25.137614	0.791956
15149546	-25.137946	0.792532
15157347	-25.138325	0.792363
15165148	-25.138390	0.793162
15172949	-25.138390	0.793162
15180750	-25.138390	0.793162
15188551	-25.138390	0.793162
15196352	-25.139276	0.792746
15204153	-25.139276	0.792746
15211954	-25.139846	0.792702
15219755	-25.140112	0.793058
15227556	-25.140112	0.793058
15235357	-25.140501	0.793357
15243158	-25.140878	0.794155
15250959	-25.141054	0.794342
15258760	-25.141105	0.793745
15266561	-25.141105	0.793745
15274362	-25.141105	0.793745
15282163	-25.141869	0.795295
15289964	-25.142250	0.795517
15297765	-25.142250	0.795517
15305566	-25.142372	0.795847
15313367	-25.142711	0.794519
15321168	-25.142984	0.796103
15328969	-25.143161	0.794797
15336770	-25.143551	0.795959
15344571	-25.144132	0.795880
15352372	-25.144132	0.795880
15360173	-25.144132	0.795880
15367974	-25.144132	0.795880
15375775	-25.144132	0.795880
15383576	-25.145324	0.796350
15391377	-25.145324	0.796350
15399178	-25.145324	0.796350
15406979	-25.145943	0.796454
15414780	-25.146140	0.796767
15422581	-25.146289	0.797599
15430382	-25.146426	0.796792
15438183	-25.146426	0.796792
15445984	-25.146426	0.796792
15453785	-25.146618	0.797056
15461586	-25.146618	0.797056
15469387	-25.146740	0.796585
15477188	-25.147957	0.798196
15484989	-25.147957	0.798196
15492790	-25.147957	0.798196
15500591	-25.148372	0.799172
15508392	-25.149072	0.798473
15516193	-25.149119	0.798294
15523994	-25.149119	0.798294
15531795	-25.149254	0.798380
15539596	-25.149481	0.799527
15547397	-25.149937	0.799122
15555198	-25.150187	0.799717
15562999	-25.150187	0.799717
15570800	-25.150187	0.799717
15578601	-25.150187	0.799717
15586402	-25.150569	0.800708
15594203	-25.150569	0.800708
15602004	-25.151010	0.799885
