1	25.000000	-0.000000
76	2.726178	-0.000000
376	-1.757835	0.567461
676	-3.674896	0.650871
976	-5.220125	0.605497
1276	-6.200585	0.541470
1576	-6.907920	0.514028
1876	-7.630667	0.502726
2176	-8.342473	0.468442
2476	-8.876197	0.442515
2776	-9.680304	0.443282
3076	-10.439854	0.414495
3376	-10.809675	0.407847
3676	-11.175683	0.396673
3976	-11.482566	0.386143
4276	-11.800915	0.375213
4576	-12.128250	0.388149
4876	-12.422432	0.367879
5176	-12.628178	0.358330
5476	-12.897258	0.352792
5776	-13.118971	0.344780
6076	-13.348127	0.339868
6376	-13.574338	0.318870
6676	-13.753876	0.311099
6976	-13.966878	0.295656
7276	-14.147813	0.289923
7576	-14.288301	0.280600
7876	-14.389214	0.276171
8176	-14.522375	0.264194
8476	-14.642373	0.262322
8776	-14.802918	0.251444
9076	-14.902301	0.249589
9376	-15.047003	0.252861
9676	-15.147268	0.250611
9976	-15.229201	0.251329
10276	-15.314781	0.245903
10576	-15.402562	0.241618
10876	-15.477385	0.236343
11176	-15.600663	0.228546
11476	-15.658981	0.231903
11776	-15.717483	0.233193
12076	-15.909930	0.216990
12376	-15.997505	0.213085
12676	-16.054226	0.209621
12976	-16.098675	0.205862
13276	-16.143920	0.206903
13576	-16.199753	0.203823
13876	-16.269709	0.205296
14176	-16.308561	0.202720
14476	-16.361777	0.199332
14776	-16.396065	0.197710
15076	-16.454526	0.194975
15376	-16.501011	0.195538
15676	-16.554240	0.195140
15976	-16.589976	0.194108
16276	-16.621153	0.190944
16576	-16.766904	0.213652
16876	-16.808016	0.210568
17176	-16.830165	0.208865
17476	-16.856288	0.209442
17776	-16.877057	0.208335
18076	-16.891672	0.207780
18376	-16.909013	0.207225
18676	-16.935507	0.207921
18976	-16.972144	0.203584
19276	-17.006088	0.198697
19576	-17.021714	0.198315
19876	-17.047238	0.198170
20176	-17.071863	0.197675
20476	-17.106416	0.205093
20776	-17.126169	0.203312
21076	-17.153223	0.203895
21376	-17.171984	0.203553
21676	-17.204847	0.201917
21976	-17.226350	0.199149
22276	-17.242484	0.202324
22576	-17.256564	0.199561
22876	-17.287670	0.197882
23176	-17.300286	0.196087
23476	-17.313734	0.194796
23776	-17.331795	0.198710
24076	-17.358972	0.200101
24376	-17.369437	0.199195
24676	-17.388439	0.198055
24976	-17.404505	0.196836
25276	-17.415434	0.200781
25576	-17.429487	0.200686
25876	-17.465275	0.194974
26176	-17.486125	0.194281
26476	-17.498833	0.193823
26776	-17.513325	0.192091
27076	-17.526804	0.191278
27376	-17.537624	0.192378
27676	-17.550294	0.192266
27976	-17.558429	0.191357
28276	-17.570211	0.190809
28576	-17.585790	0.189095
28876	-17.599951	0.188588
29176	-17.612531	0.187883
29476	-17.621359	0.183829
29776	-17.629217	0.184310
30003	-17.636192	0.184610
30078	-17.636942	0.184412
30378	-17.648522	0.183575
30678	-17.658056	0.183955
30978	-17.669410	0.183406
31278	-17.681163	0.184472
31578	-17.690106	0.184252
31878	-17.698500	0.183103
32178	-17.711299	0.182711
32478	-17.726552	0.185180
32778	-17.737108	0.191729
33078	-17.745754	0.187768
33378	-17.752968	0.187317
33678	-17.762058	0.186991
33978	-17.768868	0.189031
34278	-17.780235	0.188212
34578	-17.791091	0.189195
34878	-17.798899	0.188789
35178	-17.809692	0.188466
35478	-17.816619	0.188494
35778	-17.825126	0.187230
36078	-17.831293	0.187708
36378	-17.841813	0.187713
36678	-17.855396	0.190850
36978	-17.862449	0.189810
37278	-17.874753	0.197574
37578	-17.884516	0.197626
37878	-17.893822	0.196994
38178	-17.913696	0.195358
38478	-17.924143	0.193658
38778	-17.931838	0.193688
39078	-17.954246	0.207545
39378	-17.970265	0.209492
39678	-17.975534	0.208879
39978	-17.982621	0.208236
40278	-17.990130	0.207998
40578	-17.997698	0.207989
40878	-18.002029	0.208039
41178	-18.015283	0.208889
41478	-18.021923	0.208695
41778	-18.030571	0.209370
42078	-18.038082	0.208862
42378	-18.043545	0.208158
42678	-18.049557	0.208448
42978	-18.057263	0.208164
43278	-18.064706	0.206058
43578	-18.071936	0.206530
43878	-18.076259	0.205963
44178	-18.085947	0.210514
44478	-18.091098	0.210373
44778	-18.096622	0.209561
45078	-18.101416	0.209058
45378	-18.104886	0.209215
45678	-18.109843	0.209093
45978	-18.116676	0.208901
46278	-18.121207	0.210198
46578	-18.124606	0.210455
46878	-18.132130	0.209158
47178	-18.136725	0.208152
47478	-18.140921	0.208813
47778	-18.145420	0.209288
48078	-18.149863	0.208029
48378	-18.154925	0.208003
48678	-18.158130	0.208322
48978	-18.163955	0.208834
49278	-18.170535	0.208683
49578	-18.176959	0.208862
49878	-18.180722	0.208495
50178	-18.187131	0.209590
50478	-18.191652	0.210309
50778	-18.195941	0.210339
51078	-18.200648	0.210541
51378	-18.204836	0.210873
51678	-18.209715	0.209826
51978	-18.213294	0.210585
52278	-18.218252	0.210738
52578	-18.222479	0.211230
52878	-18.227844	0.211673
53178	-18.232134	0.211484
53478	-18.237418	0.212602
53778	-18.241364	0.211393
54078	-18.244371	0.211692
54378	-18.247785	0.211948
54678	-18.250471	0.211904
54978	-18.253432	0.211041
55278	-18.257686	0.211946
55578	-18.262291	0.211865
55878	-18.267490	0.216979
56178	-18.271184	0.216664
56478	-18.274703	0.216909
56778	-18.278517	0.217043
57078	-18.282315	0.217248
57378	-18.285539	0.216594
57678	-18.290117	0.217499
57978	-18.294835	0.219209
58278	-18.300423	0.218454
58578	-18.304806	0.218705
58878	-18.310829	0.217819
59178	-18.315864	0.218658
59478	-18.319670	0.219825
59778	-18.325775	0.218531
60005	-18.329149	0.218643
60080	-18.329653	0.218941
60380	-18.332607	0.218171
60680	-18.334884	0.218656
60980	-18.338152	0.218803
61280	-18.341680	0.219844
61580	-18.345288	0.220033
61880	-18.348899	0.220120
62180	-18.351955	0.219587
62480	-18.354896	0.219750
62780	-18.359515	0.220400
63080	-18.363227	0.220303
63380	-18.366525	0.220077
63680	-18.371338	0.220869
63980	-18.375138	0.220828
64280	-18.378276	0.220762
64580	-18.382223	0.221934
64880	-18.384491	0.221824
65180	-18.388337	0.222370
65480	-18.392141	0.221344
65780	-18.395593	0.221467
66080	-18.400060	0.221805
66380	-18.404157	0.223245
66680	-18.408145	0.223454
66980	-18.410931	0.223978
67280	-18.413862	0.223235
67580	-18.415709	0.223448
67880	-18.418534	0.224885
68180	-18.422857	0.224858
68480	-18.426792	0.224456
68780	-18.430431	0.224737
69080	-18.433705	0.224001
69380	-18.436371	0.223479
69680	-18.438414	0.224837
69980	-18.440939	0.224356
70280	-18.443892	0.224155
70580	-18.446314	0.223765
70880	-18.448708	0.224261
71180	-18.451313	0.224194
71480	-18.454794	0.223760
71780	-18.457627	0.224374
72080	-18.460385	0.224668
72380	-18.463024	0.223722
72680	-18.467162	0.224224
72980	-18.469262	0.223213
73280	-18.472058	0.223674
73580	-18.473608	0.224271
73880	-18.476457	0.224286
74180	-18.478748	0.224526
74480	-18.482193	0.224396
74780	-18.485732	0.224874
75080	-18.489241	0.225149
75380	-18.494871	0.232755
75680	-18.498665	0.231804
75980	-18.501291	0.231402
76280	-18.504582	0.233411
76580	-18.506611	0.233130
76880	-18.509872	0.233165
77180	-18.512083	0.233609
77480	-18.514711	0.233820
77780	-18.518411	0.233663
78080	-18.520931	0.233809
78380	-18.523161	0.234022
78680	-18.525893	0.234525
78980	-18.527695	0.234937
79280	-18.529136	0.234657
79580	-18.531753	0.235496
79880	-18.534593	0.236461
80180	-18.538857	0.235961
80480	-18.542068	0.236196
80780	-18.544486	0.236017
81080	-18.546649	0.236175
81380	-18.548584	0.236193
81680	-18.551499	0.236435
81980	-18.553406	0.235994
82280	-18.557127	0.241845
82580	-18.559440	0.241124
82880	-18.562343	0.240807
83180	-18.567310	0.241073
83480	-18.569232	0.240562
83780	-18.572146	0.240696
84080	-18.573945	0.241007
84380	-18.577068	0.241470
84680	-18.579629	0.241787
84980	-18.581658	0.241668
85280	-18.584372	0.242137
85580	-18.588139	0.242154
85880	-18.590082	0.241732
86180	-18.592339	0.241893
86480	-18.594397	0.242232
86780	-18.597887	0.243103
87080	-18.599721	0.242728
87380	-18.602116	0.244123
87680	-18.604780	0.244938
87980	-18.606984	0.244042
88280	-18.609985	0.244525
88580	-18.612807	0.245794
88880	-18.615413	0.245849
89180	-18.619020	0.246242
89480	-18.621796	0.246268
89780	-18.624978	0.247117
90007	-18.626809	0.246929
90082	-18.627118	0.246789
90382	-18.629921	0.249566
90682	-18.632370	0.248936
90982	-18.634978	0.248997
91282	-18.637002	0.249407
91582	-18.639230	0.252158
91882	-18.641444	0.252805
92182	-18.643886	0.253044
92482	-18.648318	0.254641
92782	-18.650879	0.254999
93082	-18.653042	0.256107
93382	-18.655308	0.255219
93682	-18.658427	0.255580
93982	-18.660989	0.256136
94282	-18.663358	0.256481
94582	-18.666205	0.256359
94882	-18.668531	0.256866
95182	-18.670250	0.256693
95482	-18.672784	0.257691
95782	-18.678103	0.259284
96082	-18.680439	0.259030
96382	-18.682197	0.258603
96682	-18.684124	0.258416
96982	-18.686806	0.259436
97282	-18.690930	0.259177
97582	-18.693028	0.259833
97882	-18.695102	0.259559
98182	-18.698498	0.259069
98482	-18.700382	0.258724
98782	-18.703043	0.258251
99082	-18.705169	0.258530
99382	-18.707385	0.258857
99682	-18.709447	0.259196
99982	-18.712226	0.258795
100282	-18.714544	0.259385
100582	-18.716977	0.259295
100882	-18.719788	0.259671
101182	-18.721559	0.260530
101482	-18.723952	0.262639
101782	-18.727606	0.263297
102082	-18.731167	0.263497
102382	-18.733760	0.263192
102682	-18.735724	0.263342
102982	-18.738113	0.263709
103282	-18.740672	0.263522
103582	-18.742799	0.263739
103882	-18.744134	0.264564
104182	-18.746842	0.264994
104482	-18.748814	0.265120
104782	-18.750826	0.264153
105082	-18.752428	0.264245
105382	-18.754076	0.264953
105682	-18.755193	0.264681
105982	-18.756688	0.264870
106282	-18.758758	0.264832
106582	-18.761212	0.265409
106882	-18.763233	0.265475
107182	-18.765855	0.266173
107482	-18.767651	0.266286
107782	-18.769970	0.264989
108082	-18.771550	0.264897
108382	-18.773468	0.265286
108682	-18.775626	0.268587
108982	-18.777652	0.268805
109282	-18.778894	0.268858
109582	-18.781433	0.268450
109882	-18.782889	0.268736
110182	-18.784495	0.269035
110482	-18.786731	0.268187
110782	-18.789324	0.268318
111082	-18.791010	0.269181
111382	-18.792864	0.269706
111682	-18.794516	0.270216
111982	-18.795920	0.269907
112282	-18.797556	0.269927
112582	-18.799924	0.270154
112882	-18.803094	0.269396
113182	-18.805005	0.270112
113482	-18.806729	0.270796
113782	-18.808316	0.271246
114082	-18.810010	0.271553
114382	-18.811964	0.271396
114682	-18.813783	0.271577
114982	-18.816371	0.272306
115282	-18.817896	0.272307
115582	-18.819536	0.272259
115882	-18.821004	0.272914
116182	-18.822598	0.272582
116482	-18.824333	0.272234
116782	-18.825542	0.272588
117082	-18.827715	0.273296
117382	-18.829033	0.273318
117682	-18.832647	0.273885
117982	-18.834710	0.274833
118282	-18.836063	0.274536
118582	-18.837810	0.274247
118882	-18.839682	0.274191
119182	-18.842107	0.274723
119482	-18.843696	0.274657
119782	-18.845340	0.274634
120009	-18.846791	0.275029
120084	-18.847210	0.275456
120384	-18.849151	0.276624
120684	-18.851120	0.277055
120984	-18.852455	0.277235
121284	-18.853994	0.278521
121584	-18.855317	0.278450
121884	-18.857556	0.277965
122184	-18.859370	0.277955
122484	-18.860882	0.278619
122784	-18.863347	0.280741
123084	-18.865395	0.281306
123384	-18.866974	0.281364
123684	-18.868943	0.281447
123984	-18.870193	0.281516
124284	-18.871208	0.281940
124584	-18.873450	0.281655
124884	-18.874642	0.281509
125184	-18.876841	0.281116
125484	-18.878704	0.281698
125784	-18.881024	0.281635
126084	-18.882488	0.282241
126384	-18.883808	0.282855
126684	-18.885075	0.282706
126984	-18.886976	0.283614
127284	-18.888913	0.283534
127584	-18.891370	0.283420
127884	-18.893195	0.283750
128184	-18.894435	0.284003
128484	-18.896423	0.284577
128784	-18.898725	0.284264
129084	-18.901288	0.284209
129384	-18.903005	0.284350
129684	-18.905885	0.285140
129984	-18.908062	0.285033
130284	-18.909904	0.285248
130584	-18.910928	0.285401
130884	-18.912585	0.286300
131184	-18.914001	0.286094
131484	-18.915669	0.285737
131784	-18.916821	0.286299
132084	-18.919117	0.287208
132384	-18.920704	0.287590
132684	-18.922349	0.288623
132984	-18.923696	0.287912
133284	-18.925372	0.287939
133584	-18.927053	0.287967
133884	-18.928526	0.287806
134184	-18.929741	0.288596
134484	-18.931131	0.289025
134784	-18.932239	0.289029
135084	-18.933631	0.288972
135384	-18.935566	0.289533
135684	-18.937184	0.289456
135984	-18.938800	0.289219
136284	-18.940327	0.289781
136584	-18.944085	0.292766
136884	-18.945427	0.293359
137184	-18.946952	0.293854
137484	-18.948742	0.294808
137784	-18.950049	0.294514
138084	-18.952409	0.295468
138384	-18.955086	0.295965
138684	-18.956230	0.296767
138984	-18.958164	0.296814
139284	-18.960227	0.297623
139584	-18.961696	0.297623
139884	-18.963581	0.297611
140184	-18.965076	0.297421
140484	-18.966708	0.297947
140784	-18.968522	0.298104
141084	-18.970620	0.298444
141384	-18.972392	0.298554
141684	-18.973556	0.298437
141984	-18.975182	0.299073
142284	-18.976891	0.299542
142584	-18.979152	0.299924
142884	-18.980294	0.300092
143184	-18.981697	0.300451
143484	-18.982906	0.300339
143784	-18.984764	0.300611
144084	-18.986070	0.301057
144384	-18.988047	0.301279
144684	-18.989632	0.302193
144984	-18.991078	0.302204
145284	-18.992498	0.302763
145584	-18.993991	0.303011
145884	-18.995407	0.303335
146184	-18.997293	0.303389
146484	-18.999661	0.303448
146784	-19.001101	0.304146
147084	-19.002606	0.303797
147384	-19.003800	0.303411
147684	-19.005330	0.303634
147984	-19.006187	0.303639
148284	-19.007913	0.303468
148584	-19.009052	0.303524
148884	-19.010320	0.303826
149184	-19.012206	0.304270
149484	-19.013796	0.304656
149784	-19.015830	0.304857
150011	-19.017593	0.304503
150086	-19.017940	0.304534
150386	-19.019132	0.304893
150686	-19.020258	0.305369
150986	-19.021822	0.305932
151286	-19.023546	0.305997
151586	-19.024682	0.306003
151886	-19.025784	0.306112
152186	-19.026835	0.306199
152486	-19.027899	0.306804
152786	-19.029583	0.307019
153086	-19.030747	0.306969
153386	-19.031767	0.307430
153686	-19.033641	0.307849
153986	-19.035193	0.308506
154286	-19.036021	0.308212
154586	-19.037836	0.308155
154886	-19.038956	0.308969
155186	-19.040120	0.309841
155486	-19.041459	0.310192
155786	-19.042652	0.310332
156086	-19.043583	0.310651
156386	-19.045087	0.311154
156686	-19.046330	0.311566
156986	-19.047477	0.311587
157286	-19.048507	0.311451
157586	-19.050587	0.310911
157886	-19.051817	0.311499
158186	-19.052938	0.311791
158486	-19.054562	0.313180
158786	-19.056111	0.316451
159086	-19.057490	0.315407
159386	-19.058873	0.315478
159686	-19.059808	0.315285
159986	-19.061052	0.315770
160286	-19.062433	0.315015
160586	-19.063649	0.315345
160886	-19.065091	0.316747
161186	-19.066800	0.316660
161486	-19.068906	0.317704
161786	-19.070274	0.318259
162086	-19.071655	0.318578
162386	-19.072933	0.319080
162686	-19.074521	0.319488
162986	-19.075632	0.318985
163286	-19.076786	0.318887
163586	-19.078098	0.318486
163886	-19.079404	0.318180
164186	-19.081097	0.317966
164486	-19.082198	0.318604
164786	-19.083371	0.318502
165086	-19.084736	0.318137
165386	-19.085788	0.318799
165686	-19.087263	0.318820
165986	-19.088285	0.319140
166286	-19.089509	0.319852
166586	-19.091224	0.320245
166886	-19.093410	0.322213
167186	-19.095976	0.323943
167486	-19.097046	0.324169
167786	-19.098412	0.324268
168086	-19.099697	0.324269
168386	-19.101355	0.324540
168686	-19.102554	0.324973
168986	-19.103940	0.325305
169286	-19.105185	0.324361
169586	-19.106966	0.325232
169886	-19.108234	0.324934
170186	-19.109438	0.325167
170486	-19.111082	0.325599
170786	-19.111985	0.325833
171086	-19.113030	0.326203
171386	-19.114423	0.325945
171686	-19.115690	0.326365
171986	-19.116724	0.326312
172286	-19.118509	0.327521
172586	-19.119854	0.327956
172886	-19.121447	0.328534
173186	-19.122333	0.328590
173486	-19.123358	0.329651
173786	-19.124636	0.329847
174086	-19.125818	0.329992
174386	-19.127356	0.330614
174686	-19.129221	0.330919
174986	-19.130609	0.330585
175286	-19.131551	0.330745
175586	-19.133270	0.332005
175886	-19.134706	0.332768
176186	-19.135847	0.333166
176486	-19.137105	0.334994
176786	-19.138118	0.334621
177086	-19.139337	0.335174
177386	-19.140811	0.334622
177686	-19.141990	0.334433
177986	-19.143889	0.334603
178286	-19.144870	0.334954
178586	-19.146295	0.334574
178886	-19.147766	0.334251
179186	-19.149134	0.334951
179486	-19.150173	0.334710
179786	-19.151236	0.335129
180013	-19.151817	0.335313
180088	-19.152031	0.335582
180388	-19.153251	0.337339
180688	-19.154735	0.337034
180988	-19.155749	0.336926
181288	-19.156960	0.337248
181588	-19.157856	0.337211
181888	-19.159153	0.338008
182188	-19.160572	0.337715
182488	-19.161861	0.337916
182788	-19.162881	0.337502
183088	-19.163757	0.337603
183388	-19.165264	0.338412
183688	-19.167270	0.338664
183988	-19.168782	0.338276
184288	-19.169939	0.338646
184588	-19.171524	0.338844
184888	-19.173016	0.339054
185188	-19.173885	0.339292
185488	-19.175328	0.340221
185788	-19.176651	0.341311
186088	-19.177929	0.342132
186388	-19.179062	0.342343
186688	-19.179887	0.342272
186988	-19.181226	0.342662
187288	-19.182715	0.343389
187588	-19.184196	0.343373
187888	-19.185945	0.343535
188188	-19.187625	0.344403
188488	-19.188554	0.344306
188788	-19.189509	0.344213
189088	-19.190949	0.343425
189388	-19.192746	0.343627
189688	-19.193843	0.342903
189988	-19.194810	0.343526
190288	-19.195888	0.343028
190588	-19.197102	0.343157
190888	-19.198526	0.344221
191188	-19.199838	0.344403
191488	-19.201500	0.344423
191788	-19.202821	0.345534
192088	-19.203809	0.345317
192388	-19.204904	0.345860
192688	-19.205949	0.345684
192988	-19.206505	0.345857
193288	-19.207829	0.346205
193588	-19.208729	0.346679
193888	-19.209442	0.346399
194188	-19.210831	0.347022
194488	-19.212318	0.347226
194788	-19.213226	0.347818
195088	-19.214638	0.348663
195388	-19.216000	0.348715
195688	-19.217696	0.351071
195988	-19.218841	0.350892
196288	-19.220242	0.351087
196588	-19.221883	0.351225
196888	-19.223222	0.351392
197188	-19.224190	0.352247
197488	-19.225724	0.351561
197788	-19.226963	0.351719
198088	-19.229380	0.352614
198388	-19.230356	0.353841
198688	-19.231503	0.353971
198988	-19.233228	0.354880
199288	-19.234405	0.355100
199588	-19.235802	0.355155
199888	-19.236793	0.355812
200188	-19.238469	0.356155
200488	-19.239302	0.355979
200788	-19.240587	0.355210
201088	-19.241540	0.356962
201388	-19.242522	0.357162
201688	-19.243672	0.357596
201988	-19.245314	0.357802
202288	-19.246421	0.358664
202588	-19.247772	0.358604
202888	-19.249196	0.358570
203188	-19.250271	0.359196
203488	-19.251386	0.358675
203788	-19.252526	0.358305
204088	-19.253389	0.358079
204388	-19.254452	0.357958
204688	-19.255895	0.360318
204988	-19.256994	0.360369
205288	-19.258126	0.360348
205588	-19.259267	0.360767
205888	-19.260528	0.361096
206188	-19.261687	0.361116
206488	-19.263117	0.360557
206788	-19.264138	0.360629
207088	-19.265405	0.361092
207388	-19.266799	0.361396
207688	-19.268020	0.360923
207988	-19.269917	0.361231
208288	-19.271231	0.361298
208588	-19.272418	0.362646
208888	-19.273363	0.362276
209188	-19.274455	0.362450
209488	-19.275735	0.362331
209788	-19.277250	0.362839
210015	-19.278322	0.363025
210090	-19.278761	0.362094
210390	-19.280172	0.363046
210690	-19.281239	0.363537
210990	-19.282554	0.363993
211290	-19.283697	0.364350
211590	-19.284741	0.364670
211890	-19.286175	0.366232
212190	-19.286928	0.366165
212490	-19.288194	0.366559
212790	-19.289199	0.366991
213090	-19.290294	0.367197
213390	-19.291443	0.367298
213690	-19.292628	0.366564
213990	-19.293965	0.367111
214290	-19.295014	0.367082
214590	-19.296089	0.367320
214890	-19.297103	0.367935
215190	-19.298304	0.368351
215490	-19.299717	0.369366
215790	-19.300818	0.369648
216090	-19.301548	0.369654
216390	-19.302441	0.369310
216690	-19.303373	0.369018
216990	-19.304086	0.369454
217290	-19.305094	0.369561
217590	-19.306313	0.370052
217890	-19.307933	0.369807
218190	-19.309561	0.369820
218490	-19.310795	0.369506
218790	-19.311704	0.370193
219090	-19.313094	0.371082
219390	-19.314365	0.371511
219690	-19.315367	0.371922
219990	-19.316662	0.372409
220290	-19.318269	0.372655
220590	-19.319152	0.372855
220890	-19.320207	0.373071
221190	-19.321542	0.373867
221490	-19.322843	0.375013
221790	-19.323901	0.375586
222090	-19.324553	0.375442
222390	-19.325710	0.375063
222690	-19.326558	0.375551
222990	-19.327503	0.375695
223290	-19.328467	0.375848
223590	-19.329765	0.375258
223890	-19.330937	0.375399
224190	-19.332393	0.375568
224490	-19.333585	0.375649
224790	-19.335057	0.375698
225090	-19.336017	0.376097
225390	-19.337084	0.376548
225690	-19.338246	0.377229
225990	-19.339114	0.377459
226290	-19.340529	0.378291
226590	-19.341314	0.378135
226890	-19.342357	0.380043
227190	-19.343197	0.379725
227490	-19.344127	0.379204
227790	-19.345469	0.379536
228090	-19.346543	0.379346
228390	-19.347417	0.379436
228690	-19.348798	0.379357
228990	-19.349703	0.382428
229290	-19.350460	0.381993
229590	-19.351363	0.382008
229890	-19.352409	0.382130
230190	-19.353193	0.382305
230490	-19.354219	0.382774
230790	-19.355500	0.383305
231090	-19.357122	0.383631
231390	-19.358284	0.383283
231690	-19.359088	0.383395
231990	-19.360223	0.383227
232290	-19.361156	0.383461
232590	-19.362147	0.383767
232890	-19.363259	0.383884
233190	-19.364038	0.384260
233490	-19.365121	0.385686
233790	-19.366078	0.386301
234090	-19.367370	0.387032
234390	-19.368378	0.386708
234690	-19.369321	0.387456
234990	-19.371238	0.387870
235290	-19.372013	0.387427
235590	-19.372780	0.387664
235890	-19.373949	0.387128
236190	-19.375259	0.386678
236490	-19.376403	0.386828
236790	-19.377518	0.387546
237090	-19.378568	0.387321
237390	-19.379418	0.387781
237690	-19.380181	0.388161
237990	-19.381073	0.388047
238290	-19.382232	0.388535
238590	-19.383770	0.388949
238890	-19.385296	0.390016
239190	-19.386978	0.390188
239490	-19.388152	0.390342
239790	-19.389203	0.390424
240017	-19.390432	0.391381
240092	-19.390598	0.391288
240392	-19.391730	0.390688
240692	-19.392520	0.390791
240992	-19.393966	0.390927
241292	-19.394925	0.391440
241592	-19.396544	0.392238
241892	-19.397697	0.391825
242192	-19.398774	0.392627
242492	-19.399832	0.392749
242792	-19.400849	0.392206
243092	-19.401796	0.392935
243392	-19.402969	0.393526
243692	-19.404318	0.392771
243992	-19.405363	0.393157
244292	-19.406356	0.393409
244592	-19.407536	0.393713
244892	-19.408631	0.394101
245192	-19.409359	0.394107
245492	-19.410571	0.394378
245792	-19.412066	0.394467
246092	-19.413406	0.395866
246392	-19.414263	0.395778
246692	-19.415341	0.395674
246992	-19.416483	0.395633
247292	-19.417577	0.396237
247592	-19.418579	0.396332
247892	-19.420002	0.395843
248192	-19.420710	0.396145
248492	-19.422008	0.396379
248792	-19.423475	0.396045
249092	-19.424527	0.396489
249392	-19.425427	0.396426
249692	-19.426496	0.396389
249992	-19.427590	0.396593
250292	-19.428328	0.396810
250592	-19.429235	0.396817
250892	-19.430099	0.396456
251192	-19.431483	0.397577
251492	-19.432539	0.398064
251792	-19.433645	0.398080
252092	-19.435077	0.398289
252392	-19.436518	0.398888
252692	-19.437472	0.399442
252992	-19.438490	0.399574
253292	-19.439280	0.400073
253592	-19.440529	0.400392
253892	-19.441648	0.400379
254192	-19.442495	0.400104
254492	-19.443283	0.400923
254792	-19.444098	0.400266
255092	-19.444779	0.400515
255392	-19.445633	0.400074
255692	-19.446519	0.400566
255992	-19.447963	0.401545
256292	-19.448842	0.401668
256592	-19.449530	0.401690
256892	-19.451130	0.401746
257192	-19.452483	0.402052
257492	-19.453082	0.402352
257792	-19.453860	0.402930
258092	-19.454874	0.403467
258392	-19.456176	0.406126
258692	-19.457222	0.406007
258992	-19.458354	0.405788
259292	-19.459153	0.406370
259592	-19.459984	0.406409
259892	-19.460939	0.406594
260192	-19.462063	0.406019
260492	-19.463111	0.406184
260792	-19.464459	0.407261
261092	-19.465223	0.407528
261392	-19.465887	0.407649
261692	-19.466705	0.407739
261992	-19.468098	0.408091
262292	-19.468901	0.408874
262592	-19.470263	0.407672
262892	-19.471192	0.407371
263192	-19.472304	0.407587
263492	-19.473247	0.408035
263792	-19.474538	0.408159
264092	-19.475746	0.409381
264392	-19.476557	0.408795
264692	-19.477748	0.409494
264992	-19.478790	0.410286
265292	-19.479507	0.410389
265592	-19.480500	0.410979
265892	-19.481386	0.410910
266192	-19.482577	0.411527
266492	-19.483713	0.411921
266792	-19.484778	0.411851
267092	-19.485696	0.411719
267392	-19.486629	0.411749
267692	-19.487496	0.412627
267992	-19.488343	0.412593
268292	-19.489728	0.413346
268592	-19.490757	0.413160
268892	-19.491537	0.412919
269192	-19.492319	0.413452
269492	-19.493133	0.413656
269792	-19.494512	0.413769
270019	-19.495700	0.413215
270094	-19.495863	0.413418
270394	-19.497121	0.413215
270694	-19.498365	0.413646
270994	-19.499073	0.413923
271294	-19.500024	0.413867
271594	-19.500729	0.413947
271894	-19.501687	0.414013
272194	-19.502798	0.413398
272494	-19.503860	0.413680
272794	-19.505157	0.414258
273094	-19.506558	0.414685
273394	-19.507348	0.414686
273694	-19.508714	0.415121
273994	-19.510124	0.415954
274294	-19.511077	0.415735
274594	-19.511944	0.416614
274894	-19.512775	0.417367
275194	-19.513591	0.417139
275494	-19.515252	0.417850
275794	-19.516446	0.418473
276094	-19.517809	0.418968
276394	-19.518644	0.418867
276694	-19.519488	0.419334
276994	-19.520582	0.418814
277294	-19.521525	0.419033
277594	-19.522440	0.418634
277894	-19.523414	0.419487
278194	-19.524573	0.420017
278494	-19.525746	0.419836
278794	-19.526653	0.419741
279094	-19.527679	0.420225
279394	-19.528457	0.420588
279694	-19.529267	0.420596
279994	-19.530074	0.420597
280294	-19.531067	0.420394
280594	-19.531705	0.421546
280894	-19.532870	0.421598
281194	-19.534028	0.422369
281494	-19.534812	0.422448
281794	-19.536170	0.422744
282094	-19.536766	0.423057
282394	-19.537943	0.422844
282694	-19.539693	0.424794
282994	-19.540569	0.425226
283294	-19.541659	0.425008
283594	-19.542488	0.424982
283894	-19.543538	0.425192
284194	-19.544813	0.425662
284494	-19.546249	0.426298
284794	-19.546905	0.426588
285094	-19.547946	0.427788
285394	-19.548916	0.427462
285694	-19.549909	0.427617
285994	-19.550562	0.427547
286294	-19.551493	0.427770
286594	-19.552300	0.427898
286894	-19.552780	0.427799
287194	-19.553971	0.427706
287494	-19.554636	0.427718
287794	-19.555472	0.428291
288094	-19.556581	0.428618
288394	-19.558141	0.427531
288694	-19.559098	0.427337
288994	-19.559724	0.427473
289294	-19.560606	0.427741
289594	-19.561767	0.427862
289894	-19.562919	0.427817
290194	-19.563911	0.427999
290494	-19.564797	0.427478
290794	-19.565564	0.428392
291094	-19.566416	0.428473
291394	-19.567517	0.428987
291694	-19.568348	0.429127
291994	-19.569256	0.429369
292294	-19.570380	0.429408
292594	-19.571378	0.429315
292894	-19.572749	0.429644
293194	-19.574250	0.429567
293494	-19.575796	0.431283
293794	-19.576826	0.431712
294094	-19.577771	0.431603
294394	-19.579157	0.431576
294694	-19.580334	0.432497
294994	-19.581399	0.432626
295294	-19.582837	0.433157
295594	-19.583545	0.433246
295894	-19.584471	0.433284
296194	-19.585305	0.433911
296494	-19.586328	0.433472
296794	-19.587194	0.433869
297094	-19.587993	0.434170
297394	-19.589344	0.434803
297694	-19.590493	0.434448
297994	-19.591675	0.434938
298294	-19.592870	0.435843
298594	-19.593948	0.436809
298894	-19.595098	0.436834
299194	-19.596381	0.436933
299494	-19.597616	0.437955
299794	-19.598531	0.437827
300021	-19.599026	0.437557
300096	-19.599277	0.437545
300396	-19.600271	0.438272
300696	-19.601548	0.438436
300996	-19.602457	0.438291
301296	-19.603278	0.437310
301596	-19.604346	0.437772
301896	-19.605619	0.438487
302196	-19.607037	0.438682
302496	-19.608125	0.438506
302796	-19.609084	0.439203
303096	-19.609812	0.439089
303396	-19.611043	0.439805
303696	-19.612193	0.440104
303996	-19.613176	0.440889
304296	-19.614063	0.440338
304596	-19.615079	0.440684
304896	-19.615989	0.441808
305196	-19.616861	0.441123
305496	-19.617728	0.441279
305796	-19.618415	0.441426
306096	-19.619495	0.441385
306396	-19.620621	0.441247
306696	-19.621672	0.440859
306996	-19.622870	0.442329
307296	-19.623895	0.442804
307596	-19.625179	0.442212
307896	-19.626078	0.443333
308196	-19.626810	0.442753
308496	-19.627532	0.443529
308796	-19.628164	0.443706
309096	-19.629489	0.444089
309396	-19.630538	0.444360
309696	-19.631728	0.444314
309996	-19.632601	0.444827
310296	-19.633527	0.445569
310596	-19.634332	0.445762
310896	-19.635360	0.447101
311196	-19.636209	0.447415
311496	-19.636965	0.447224
311796	-19.637809	0.447388
312096	-19.638739	0.447559
312396	-19.639936	0.447438
312696	-19.641180	0.447801
312996	-19.642372	0.447611
313296	-19.643053	0.447780
313596	-19.644313	0.447931
313896	-19.645193	0.450721
314196	-19.646373	0.451304
314496	-19.647443	0.451236
314796	-19.648296	0.451063
315096	-19.649777	0.451134
315396	-19.650599	0.451916
315696	-19.651828	0.452380
315996	-19.653194	0.452587
316296	-19.654280	0.452702
316596	-19.655079	0.452978
316896	-19.655804	0.453216
317196	-19.656688	0.453346
317496	-19.657547	0.453558
317796	-19.658575	0.452752
318096	-19.659566	0.452731
318396	-19.660343	0.452441
318696	-19.661512	0.453078
318996	-19.662483	0.452727
319296	-19.663348	0.453022
319596	-19.664454	0.452961
319896	-19.665347	0.453936
320196	-19.666294	0.454653
320496	-19.667151	0.455143
320796	-19.668115	0.455986
321096	-19.669092	0.456225
321396	-19.670149	0.456401
321696	-19.671157	0.456432
321996	-19.672674	0.457242
322296	-19.673624	0.457281
322596	-19.674487	0.457958
322896	-19.675630	0.457699
323196	-19.676504	0.458407
323496	-19.677513	0.458531
323796	-19.678361	0.458266
324096	-19.679118	0.458987
324396	-19.679936	0.459053
324696	-19.680955	0.459184
324996	-19.681624	0.459412
325296	-19.682628	0.459918
325596	-19.683303	0.460125
325896	-19.683883	0.459590
326196	-19.685011	0.460765
326496	-19.685846	0.461749
326796	-19.686481	0.461500
327096	-19.687274	0.461723
327396	-19.688024	0.461791
327696	-19.689272	0.459908
327996	-19.690515	0.459537
328296	-19.691638	0.461365
328596	-19.692524	0.462186
328896	-19.693138	0.462055
329196	-19.694052	0.462013
329496	-19.695074	0.461783
329796	-19.696057	0.462477
330023	-19.696775	0.462893
330098	-19.697036	0.462942
330398	-19.697925	0.462857
330698	-19.698707	0.463052
330998	-19.699767	0.462605
331298	-19.700928	0.463201
331598	-19.702080	0.463417
331898	-19.702824	0.463515
332198	-19.703584	0.463558
332498	-19.704486	0.464539
332798	-19.705680	0.463175
333098	-19.706416	0.463360
333398	-19.707055	0.463408
333698	-19.708403	0.463811
333998	-19.709416	0.464007
334298	-19.710430	0.463951
334598	-19.711817	0.464867
334898	-19.713484	0.464996
335198	-19.714600	0.464627
335498	-19.715623	0.465390
335798	-19.716453	0.465360
336098	-19.717482	0.465650
336398	-19.718701	0.466585
336698	-19.719604	0.466572
336998	-19.720547	0.467146
337298	-19.721638	0.467395
337598	-19.723011	0.467682
337898	-19.723648	0.467778
338198	-19.725898	0.468418
338498	-19.726663	0.468478
338798	-19.727474	0.468908
339098	-19.728357	0.469245
339398	-19.729315	0.469431
339698	-19.730353	0.470076
339998	-19.731208	0.469722
340298	-19.732091	0.471734
340598	-19.733090	0.471281
340898	-19.733663	0.471521
341198	-19.734793	0.472043
341498	-19.735561	0.472430
341798	-19.736274	0.472625
342098	-19.737295	0.472646
342398	-19.737959	0.472943
342698	-19.738721	0.472829
342998	-19.740373	0.472319
343298	-19.741418	0.472462
343598	-19.742459	0.473431
343898	-19.743689	0.474027
344198	-19.744612	0.473965
344498	-19.745804	0.474321
344798	-19.746589	0.474337
345098	-19.747347	0.474399
345398	-19.748615	0.475045
345698	-19.749380	0.475735
345998	-19.750254	0.476437
346298	-19.751129	0.476254
346598	-19.751937	0.476181
346898	-19.752561	0.476340
347198	-19.753293	0.475405
347498	-19.754341	0.475587
347798	-19.755171	0.475373
348098	-19.755953	0.476098
348398	-19.757076	0.476095
348698	-19.757979	0.476976
348998	-19.759025	0.477044
349298	-19.760186	0.476744
349598	-19.761079	0.477240
349898	-19.761900	0.476956
350198	-19.763096	0.476801
350498	-19.764414	0.479858
350798	-19.765202	0.480224
351098	-19.766303	0.481210
351398	-19.767021	0.481189
351698	-19.767757	0.481906
351998	-19.768596	0.481404
352298	-19.769749	0.481566
352598	-19.770426	0.481825
352898	-19.771501	0.482860
353198	-19.772879	0.482681
353498	-19.773793	0.483151
353798	-19.774823	0.482845
354098	-19.775811	0.483502
354398	-19.776534	0.483611
354698	-19.777414	0.484518
354998	-19.778116	0.484994
355298	-19.779043	0.484978
355598	-19.780027	0.485929
355898	-19.781109	0.486506
356198	-19.782047	0.487442
356498	-19.782939	0.487223
356798	-19.784462	0.487875
357098	-19.785237	0.488440
357398	-19.786259	0.489978
357698	-19.787194	0.489641
357998	-19.787932	0.489864
358298	-19.788733	0.489674
358598	-19.789594	0.490074
358898	-19.790494	0.490673
359198	-19.791291	0.490926
359498	-19.792110	0.490591
359798	-19.793014	0.491274
360025	-19.794347	0.491704
360100	-19.794475	0.491526
360400	-19.795541	0.492027
360700	-19.796728	0.491937
361000	-19.797626	0.492313
361300	-19.798541	0.491507
361600	-19.799903	0.492423
361900	-19.800768	0.491862
362200	-19.801837	0.492308
362500	-19.802864	0.492534
362800	-19.803707	0.492567
363100	-19.804665	0.492918
363400	-19.805683	0.492402
363700	-19.806599	0.492796
364000	-19.807837	0.493297
364300	-19.808425	0.493512
364600	-19.809674	0.494306
364900	-19.810565	0.494775
365200	-19.811368	0.495207
365500	-19.811999	0.495370
365800	-19.813341	0.496590
366100	-19.814221	0.496139
366400	-19.814917	0.495965
366700	-19.815848	0.496762
367000	-19.816750	0.496995
367300	-19.817838	0.497639
367600	-19.818988	0.497686
367900	-19.819722	0.496418
368200	-19.820737	0.497030
368500	-19.821695	0.496873
368800	-19.822845	0.497579
369100	-19.823812	0.497630
369400	-19.824992	0.497778
369700	-19.826063	0.497983
370000	-19.827418	0.498959
370300	-19.828914	0.500235
370600	-19.829808	0.500825
370900	-19.830732	0.501063
371200	-19.831713	0.501239
371500	-19.832683	0.501279
371800	-19.833652	0.501006
372100	-19.834534	0.501866
372400	-19.835399	0.501530
372700	-19.836245	0.501530
373000	-19.837052	0.502248
373300	-19.837843	0.502284
373600	-19.838802	0.502301
373900	-19.840136	0.503044
374200	-19.840926	0.502830
374500	-19.841820	0.503134
374800	-19.842947	0.504224
375100	-19.844246	0.505360
375400	-19.845369	0.504420
375700	-19.846434	0.504740
376000	-19.847274	0.504544
376300	-19.848288	0.504111
376600	-19.849173	0.505024
376900	-19.850425	0.506397
377200	-19.851089	0.505967
377500	-19.851825	0.505495
377800	-19.852816	0.506215
378100	-19.853530	0.505924
378400	-19.854609	0.506548
378700	-19.855595	0.507163
379000	-19.856377	0.507313
379300	-19.857099	0.506437
379600	-19.858101	0.507822
379900	-19.859268	0.508402
380200	-19.860224	0.508669
380500	-19.861010	0.508460
380800	-19.861987	0.508558
381100	-19.862869	0.508324
381400	-19.863845	0.508379
381700	-19.864594	0.507974
382000	-19.865504	0.508556
382300	-19.866390	0.508816
382600	-19.866953	0.508969
382900	-19.867754	0.508961
383200	-19.868851	0.508174
383500	-19.869950	0.509002
383800	-19.870852	0.508808
384100	-19.871938	0.509267
384400	-19.873712	0.509434
384700	-19.874696	0.509694
385000	-19.875766	0.510320
385300	-19.876474	0.511083
385600	-19.877647	0.510970
385900	-19.878799	0.511390
386200	-19.879630	0.511742
386500	-19.881004	0.512297
386800	-19.882151	0.512760
387100	-19.883056	0.513580
387400	-19.884034	0.513086
387700	-19.885357	0.513537
388000	-19.886320	0.514408
388300	-19.887629	0.514219
388600	-19.888292	0.514276
388900	-19.889436	0.514710
389200	-19.890469	0.515016
389500	-19.891436	0.514889
389800	-19.892222	0.515286
390027	-19.892668	0.515731
390102	-19.892814	0.515679
390402	-19.893514	0.515795
390702	-19.894510	0.516338
391002	-19.895448	0.516320
391302	-19.896076	0.516441
391602	-19.897030	0.516488
391902	-19.898088	0.516918
392202	-19.899176	0.516752
392502	-19.900144	0.516709
392802	-19.901298	0.516717
393102	-19.902155	0.516536
393402	-19.903211	0.516795
393702	-19.903937	0.517696
394002	-19.905156	0.518038
394302	-19.905819	0.517520
394602	-19.906806	0.517645
394902	-19.907763	0.518654
395202	-19.908628	0.519063
395502	-19.909714	0.518083
395802	-19.910523	0.518183
396102	-19.911513	0.518845
396402	-19.912612	0.519551
396702	-19.913600	0.521756
397002	-19.914611	0.523088
397302	-19.915541	0.524184
397602	-19.916282	0.524153
397902	-19.917419	0.524253
398202	-19.918495	0.523738
398502	-19.919339	0.523434
398802	-19.920316	0.524278
399102	-19.920914	0.524294
399402	-19.921833	0.524375
399702	-19.922504	0.524282
400002	-19.923407	0.524212
400302	-19.924739	0.523854
400602	-19.925605	0.523005
400902	-19.926555	0.523315
401202	-19.927144	0.523258
401502	-19.928046	0.522804
401802	-19.929060	0.522765
402102	-19.929818	0.523688
402402	-19.930597	0.524228
402702	-19.931402	0.524372
403002	-19.932105	0.524567
403302	-19.932582	0.524912
403602	-19.933529	0.524867
403902	-19.934988	0.525478
404202	-19.935955	0.525196
404502	-19.936884	0.525534
404802	-19.938133	0.525430
405102	-19.938949	0.525586
405402	-19.939926	0.525987
405702	-19.940947	0.526299
406002	-19.942021	0.525712
406302	-19.942933	0.525539
406602	-19.943664	0.524973
406902	-19.944493	0.525063
407202	-19.945467	0.525910
407502	-19.946220	0.525856
407802	-19.946984	0.526414
408102	-19.947791	0.526520
408402	-19.948593	0.527229
408702	-19.949554	0.527549
409002	-19.950363	0.527411
409302	-19.951279	0.527682
409602	-19.952391	0.527911
409902	-19.953109	0.528176
410202	-19.953919	0.528794
410502	-19.954974	0.528751
410802	-19.955814	0.529264
411102	-19.956616	0.529315
411402	-19.957517	0.529597
411702	-19.959417	0.530313
412002	-19.960109	0.530151
412302	-19.961388	0.531772
412602	-19.962272	0.532572
412902	-19.963136	0.532890
413202	-19.964218	0.533169
413502	-19.964937	0.533266
413802	-19.965649	0.533864
414102	-19.966617	0.534562
414402	-19.967683	0.534651
414702	-19.968508	0.534113
415002	-19.969530	0.534351
415302	-19.970220	0.534628
415602	-19.970794	0.534651
415902	-19.971607	0.534344
416202	-19.973018	0.536624
416502	-19.973926	0.538672
416802	-19.974983	0.538580
417102	-19.975868	0.538671
417402	-19.977442	0.539485
417702	-19.978665	0.540476
418002	-19.980096	0.540191
418302	-19.980962	0.539965
418602	-19.981971	0.540078
418902	-19.982640	0.540538
419202	-19.984115	0.540198
419502	-19.984632	0.539972
419802	-19.985575	0.540176
420029	-19.986074	0.540612
420104	-19.986352	0.540614
420404	-19.987190	0.539998
420704	-19.987761	0.540978
421004	-19.989114	0.540929
421304	-19.989769	0.541242
421604	-19.990434	0.541065
421904	-19.991032	0.541972
422204	-19.991819	0.543037
422504	-19.992734	0.543764
422804	-19.993299	0.543950
423104	-19.994443	0.544101
423404	-19.995524	0.543794
423704	-19.996495	0.543608
424004	-19.997398	0.543835
424304	-19.998316	0.544731
424604	-19.999258	0.545003
424904	-20.000156	0.545534
425204	-20.000944	0.545383
425504	-20.001954	0.545863
425804	-20.002840	0.546324
426104	-20.003621	0.545950
426404	-20.004364	0.546147
426704	-20.005062	0.545822
427004	-20.005836	0.546230
427304	-20.006486	0.546285
427604	-20.007665	0.546477
427904	-20.008643	0.547102
428204	-20.009509	0.547589
428504	-20.010416	0.547098
428804	-20.011348	0.546869
429104	-20.012012	0.547486
429404	-20.012787	0.547889
429704	-20.013612	0.548264
430004	-20.014261	0.548456
430304	-20.015140	0.548984
430604	-20.015989	0.548716
430904	-20.017375	0.548946
431204	-20.017971	0.548862
431504	-20.019079	0.549038
431804	-20.020326	0.549187
432104	-20.021294	0.548978
432404	-20.022574	0.550622
432704	-20.023358	0.551123
433004	-20.024318	0.551303
433304	-20.025146	0.552802
433604	-20.025915	0.553518
433904	-20.026829	0.553579
434204	-20.027855	0.553725
434504	-20.028637	0.553686
434804	-20.029506	0.554096
435104	-20.030345	0.554134
435404	-20.031387	0.554820
435704	-20.032227	0.555237
436004	-20.033026	0.555649
436304	-20.033990	0.555630
436604	-20.034876	0.556283
436904	-20.035729	0.556270
437204	-20.036686	0.556617
437504	-20.037409	0.556422
437804	-20.038403	0.556733
438104	-20.039527	0.556231
438404	-20.040251	0.556477
438704	-20.041309	0.557150
439004	-20.042225	0.557040
439304	-20.043013	0.557279
439604	-20.043587	0.557687
439904	-20.044354	0.556841
440204	-20.045274	0.557249
440504	-20.046075	0.557319
440804	-20.047286	0.557143
441104	-20.048176	0.558284
441404	-20.049232	0.560658
441704	-20.050330	0.560921
442004	-20.051064	0.561153
442304	-20.051946	0.561911
442604	-20.052836	0.561884
442904	-20.053583	0.562283
443204	-20.054424	0.562539
443504	-20.054939	0.562831
443804	-20.055969	0.562731
444104	-20.056915	0.562693
444404	-20.057819	0.562896
444704	-20.059204	0.563685
445004	-20.060208	0.563422
445304	-20.061401	0.563659
445604	-20.062173	0.563821
445904	-20.063091	0.564957
446204	-20.063849	0.565435
446504	-20.064650	0.565568
446804	-20.065694	0.566282
447104	-20.066745	0.566259
447404	-20.067480	0.566317
447704	-20.068037	0.565805
448004	-20.068953	0.565313
448304	-20.069559	0.565483
448604	-20.070231	0.565591
448904	-20.070873	0.565477
449204	-20.071630	0.566375
449504	-20.072367	0.566229
449804	-20.073339	0.566511
450031	-20.074141	0.566162
450106	-20.074388	0.566393
450406	-20.075340	0.565788
450706	-20.076098	0.565778
451006	-20.076832	0.566501
451306	-20.077550	0.566619
451606	-20.078189	0.566993
451906	-20.079189	0.566857
452206	-20.079842	0.566931
452506	-20.080858	0.566832
452806	-20.081911	0.566763
453106	-20.082769	0.566973
453406	-20.083510	0.567434
453706	-20.084433	0.567961
454006	-20.085459	0.567953
454306	-20.086322	0.567882
454606	-20.087244	0.567438
454906	-20.088127	0.567577
455206	-20.088855	0.567303
455506	-20.089719	0.567875
455806	-20.090634	0.568363
456106	-20.091227	0.568342
456406	-20.092197	0.568924
456706	-20.093133	0.569240
457006	-20.093716	0.569072
457306	-20.094961	0.569107
457606	-20.095838	0.569258
457906	-20.096771	0.569433
458206	-20.097394	0.569491
458506	-20.097913	0.569164
458806	-20.098524	0.569200
459106	-20.099277	0.570080
459406	-20.100083	0.570543
459706	-20.100948	0.571204
460006	-20.101724	0.571323
460306	-20.102482	0.572094
460606	-20.103169	0.571780
460906	-20.103868	0.571862
461206	-20.104491	0.572103
461506	-20.105111	0.572487
461806	-20.105805	0.572536
462106	-20.106551	0.572947
462406	-20.107362	0.573223
462706	-20.107939	0.573033
463006	-20.108585	0.573071
463306	-20.109227	0.573811
463606	-20.110049	0.573102
463906	-20.110764	0.572809
464206	-20.111368	0.572880
464506	-20.112383	0.573215
464806	-20.113210	0.573515
465106	-20.114027	0.574058
465406	-20.114930	0.575184
465706	-20.115690	0.575601
466006	-20.116334	0.575206
466306	-20.116961	0.575302
466606	-20.118413	0.575786
466906	-20.119165	0.575613
467206	-20.119983	0.575558
467506	-20.120942	0.575827
467806	-20.121593	0.576658
468106	-20.122180	0.577079
468406	-20.122789	0.577082
468706	-20.123423	0.577141
469006	-20.124584	0.578145
469306	-20.125771	0.578622
469606	-20.126537	0.578353
469906	-20.127368	0.580929
470206	-20.128223	0.581328
470506	-20.129087	0.581864
470806	-20.129683	0.581902
471106	-20.130488	0.582452
471406	-20.131222	0.582920
471706	-20.131913	0.582969
472006	-20.132791	0.583738
472306	-20.133747	0.583952
472606	-20.134741	0.584122
472906	-20.135437	0.583622
473206	-20.136422	0.584220
473506	-20.137502	0.584402
473806	-20.138459	0.584126
474106	-20.139572	0.584628
474406	-20.140635	0.584150
474706	-20.141372	0.584544
475006	-20.142422	0.585533
475306	-20.143250	0.586004
475606	-20.143908	0.586307
475906	-20.145349	0.586323
476206	-20.146031	0.586409
476506	-20.146876	0.587793
476806	-20.147984	0.588261
477106	-20.148761	0.588145
477406	-20.149767	0.588783
477706	-20.150521	0.589310
478006	-20.151419	0.589201
478306	-20.152316	0.589542
478606	-20.153357	0.590161
478906	-20.154058	0.589627
479206	-20.154961	0.589928
479506	-20.155766	0.589575
479806	-20.156633	0.589539
480033	-20.157342	0.590198
480108	-20.157585	0.590105
480408	-20.158507	0.590796
480708	-20.159206	0.590989
481008	-20.159928	0.591188
481308	-20.160633	0.591181
481608	-20.161437	0.590944
481908	-20.162628	0.591604
482208	-20.163512	0.592068
482508	-20.164463	0.591418
482808	-20.165331	0.591934
483108	-20.166283	0.592511
483408	-20.166833	0.592365
483708	-20.167599	0.593072
484008	-20.168264	0.593241
484308	-20.169169	0.593854
484608	-20.170129	0.593514
484908	-20.170856	0.593636
485208	-20.171672	0.593958
485508	-20.172425	0.594175
485808	-20.173437	0.594078
486108	-20.174201	0.594276
486408	-20.174706	0.594340
486708	-20.175708	0.594754
487008	-20.176394	0.594979
487308	-20.176957	0.594322
487608	-20.178121	0.594872
487908	-20.178724	0.595204
488208	-20.179582	0.595021
488508	-20.180522	0.595335
488808	-20.181200	0.595238
489108	-20.182149	0.595742
489408	-20.182885	0.596261
489708	-20.183520	0.596385
490008	-20.184320	0.596589
490308	-20.184992	0.596650
490608	-20.186195	0.596929
490908	-20.187194	0.599335
491208	-20.188265	0.599565
491508	-20.189105	0.600181
491808	-20.190086	0.600255
492108	-20.190883	0.601008
492408	-20.191727	0.601493
492708	-20.192505	0.600821
493008	-20.193244	0.601644
493308	-20.193751	0.601621
493608	-20.194775	0.602679
493908	-20.195433	0.602093
494208	-20.196404	0.602499
494508	-20.197225	0.603047
494808	-20.197921	0.603127
495108	-20.198574	0.603590
495408	-20.199150	0.603267
495708	-20.200038	0.601067
496008	-20.200792	0.601619
496308	-20.201308	0.601386
496608	-20.202278	0.602428
496908	-20.203097	0.602156
497208	-20.204043	0.602309
497508	-20.204717	0.602657
497808	-20.205638	0.602636
498108	-20.206436	0.602562
498408	-20.207146	0.602535
498708	-20.207779	0.602872
499008	-20.208443	0.602999
499308	-20.209286	0.603890
499608	-20.210022	0.604073
499908	-20.211051	0.605020
500208	-20.211751	0.605241
500508	-20.212672	0.604961
500808	-20.213408	0.605055
501108	-20.214251	0.605023
501408	-20.215005	0.605156
501708	-20.216205	0.606076
502008	-20.217235	0.607136
502308	-20.218208	0.607175
502608	-20.218870	0.607147
502908	-20.219440	0.607093
503208	-20.220483	0.607005
503508	-20.221318	0.607718
503808	-20.222061	0.607836
504108	-20.223052	0.606987
504408	-20.224018	0.607893
504708	-20.224906	0.608535
505008	-20.226051	0.610517
505308	-20.226973	0.611219
505608	-20.227657	0.611005
505908	-20.228757	0.611938
506208	-20.229461	0.612498
506508	-20.230256	0.612703
506808	-20.231454	0.613941
507108	-20.232299	0.612055
507408	-20.233461	0.612684
507708	-20.234264	0.612507
508008	-20.234995	0.612246
508308	-20.235816	0.612169
508608	-20.236514	0.612142
508908	-20.237347	0.612713
509208	-20.238201	0.613601
509508	-20.239002	0.613815
509808	-20.239697	0.613947
510035	-20.240189	0.613650
510110	-20.240375	0.613952
510410	-20.241088	0.613768
510710	-20.241762	0.614092
511010	-20.242679	0.614002
511310	-20.243545	0.614355
511610	-20.244079	0.614346
511910	-20.244978	0.614700
512210	-20.245782	0.615453
512510	-20.246426	0.615855
512810	-20.247128	0.615875
513110	-20.247804	0.616200
513410	-20.248385	0.615835
513710	-20.248848	0.615845
514010	-20.249397	0.615700
514310	-20.250250	0.615053
514610	-20.250832	0.615425
514910	-20.251762	0.615636
515210	-20.252236	0.615783
515510	-20.252951	0.615737
515810	-20.253854	0.616460
516110	-20.254913	0.616509
516410	-20.256065	0.617705
516710	-20.257092	0.618435
517010	-20.257814	0.618723
517310	-20.258552	0.619192
517610	-20.259063	0.619339
517910	-20.259818	0.619013
518210	-20.260799	0.619199
518510	-20.261484	0.619203
518810	-20.262176	0.619561
519110	-20.263048	0.619721
519410	-20.263792	0.620404
519710	-20.264549	0.620413
520010	-20.265172	0.620639
520310	-20.266080	0.621031
520610	-20.267007	0.621339
520910	-20.267890	0.621560
521210	-20.268591	0.621947
521510	-20.269075	0.622030
521810	-20.269730	0.622488
522110	-20.270639	0.622740
522410	-20.271246	0.623241
522710	-20.272242	0.622211
523010	-20.273416	0.622333
523310	-20.274310	0.623061
523610	-20.275057	0.622935
523910	-20.275995	0.623500
524210	-20.276838	0.623599
524510	-20.277673	0.624218
524810	-20.278342	0.624036
525110	-20.279123	0.623829
525410	-20.279651	0.624189
525710	-20.280253	0.624301
526010	-20.280990	0.624725
526310	-20.282057	0.625501
526610	-20.282844	0.625460
526910	-20.283636	0.625596
527210	-20.284168	0.625706
527510	-20.284808	0.626183
527810	-20.285357	0.626614
528110	-20.286084	0.627012
528410	-20.286771	0.627068
528710	-20.287359	0.627397
529010	-20.287977	0.628144
529310	-20.288612	0.627945
529610	-20.289833	0.627761
529910	-20.290401	0.627858
530210	-20.291125	0.628154
530510	-20.291836	0.628309
530810	-20.292765	0.628511
531110	-20.293829	0.628859
531410	-20.294457	0.629421
531710	-20.295149	0.628647
532010	-20.295803	0.629401
532310	-20.296506	0.628920
532610	-20.297280	0.628452
532910	-20.298591	0.629052
533210	-20.299481	0.629313
533510	-20.299911	0.629598
533810	-20.300420	0.629750
534110	-20.301175	0.630499
534410	-20.301883	0.630691
534710	-20.302650	0.630757
535010	-20.303145	0.630525
535310	-20.303884	0.631083
535610	-20.304584	0.630759
535910	-20.305256	0.630645
536210	-20.305677	0.630816
536510	-20.306385	0.631312
536810	-20.307039	0.631040
537110	-20.307441	0.631019
537410	-20.307930	0.631224
537710	-20.308712	0.632348
538010	-20.309661	0.632098
538310	-20.310491	0.632568
538610	-20.310898	0.633017
538910	-20.311772	0.633662
539210	-20.312373	0.633703
539510	-20.313179	0.633490
539810	-20.313876	0.633553
540037	-20.314410	0.633932
540112	-20.314581	0.634152
540412	-20.315104	0.634368
540712	-20.315971	0.634742
541012	-20.316782	0.634444
541312	-20.317270	0.634313
541612	-20.318090	0.634653
541912	-20.318794	0.635534
542212	-20.319635	0.635991
542512	-20.320471	0.636699
542812	-20.321018	0.636737
543112	-20.321924	0.637727
543412	-20.322754	0.637388
543712	-20.323256	0.636643
544012	-20.324300	0.637286
544312	-20.324997	0.637110
544612	-20.325716	0.637919
544912	-20.326275	0.637889
545212	-20.326939	0.638614
545512	-20.327634	0.638370
545812	-20.328365	0.638372
546112	-20.329060	0.639225
546412	-20.329589	0.639365
546712	-20.330262	0.639585
547012	-20.330875	0.639351
547312	-20.331603	0.640958
547612	-20.332361	0.641169
547912	-20.332883	0.641433
548212	-20.333522	0.641843
548512	-20.334111	0.642167
548812	-20.334846	0.642124
549112	-20.335504	0.642230
549412	-20.336225	0.642905
549712	-20.337023	0.643097
550012	-20.337557	0.643209
550312	-20.338363	0.643290
550612	-20.338916	0.643112
550912	-20.339519	0.643409
551212	-20.340198	0.643321
551512	-20.340967	0.643605
551812	-20.341942	0.643424
552112	-20.342482	0.643352
552412	-20.343471	0.643120
552712	-20.343943	0.642496
553012	-20.344809	0.642860
553312	-20.345541	0.643209
553612	-20.346323	0.644357
553912	-20.346783	0.644337
554212	-20.347433	0.644618
554512	-20.348112	0.645036
554812	-20.349137	0.646949
555112	-20.349925	0.647225
555412	-20.350578	0.647577
555712	-20.351047	0.646925
556012	-20.351848	0.647046
556312	-20.352695	0.646886
556612	-20.353487	0.646761
556912	-20.354339	0.645788
557212	-20.355145	0.645723
557512	-20.355811	0.645930
557812	-20.356588	0.646353
558112	-20.357296	0.646590
558412	-20.358084	0.646983
558712	-20.359121	0.647934
559012	-20.359621	0.647487
559312	-20.360451	0.647276
559612	-20.361302	0.647629
559912	-20.361914	0.648018
560212	-20.362847	0.648162
560512	-20.363696	0.648588
560812	-20.364391	0.649170
561112	-20.365107	0.649118
561412	-20.365602	0.649311
561712	-20.366273	0.649564
562012	-20.367259	0.649436
562312	-20.367943	0.649770
562612	-20.368787	0.649565
562912	-20.369541	0.651455
563212	-20.370107	0.651677
563512	-20.370773	0.651738
563812	-20.371264	0.651702
564112	-20.371887	0.651488
564412	-20.372512	0.650684
564712	-20.373005	0.650796
565012	-20.373491	0.650595
565312	-20.373987	0.651251
565612	-20.374587	0.650691
565912	-20.375142	0.651648
566212	-20.375691	0.652313
566512	-20.376414	0.652443
566812	-20.377501	0.652829
567112	-20.378254	0.652389
567412	-20.378872	0.652597
567712	-20.379531	0.652260
568012	-20.380613	0.654105
568312	-20.381398	0.654397
568612	-20.382309	0.655005
568912	-20.382815	0.655047
569212	-20.383639	0.654928
569512	-20.384224	0.655198
569812	-20.384907	0.654890
570039	-20.385263	0.655319
570114	-20.385362	0.655517
570414	-20.386686	0.655813
570714	-20.387327	0.655779
571014	-20.388077	0.655871
571314	-20.388470	0.656185
571614	-20.389734	0.655919
571914	-20.390609	0.655684
572214	-20.391397	0.655966
572514	-20.392182	0.655884
572814	-20.393069	0.656088
573114	-20.393728	0.658001
573414	-20.394355	0.657752
573714	-20.395143	0.657919
574014	-20.395824	0.658188
574314	-20.396665	0.658276
574614	-20.397501	0.658808
574914	-20.398085	0.659244
575214	-20.398794	0.659618
575514	-20.399617	0.659216
575814	-20.400443	0.659220
576114	-20.401033	0.659315
576414	-20.401700	0.659142
576714	-20.402271	0.659239
577014	-20.403110	0.659750
577314	-20.404231	0.660574
577614	-20.404949	0.661122
577914	-20.405529	0.661383
578214	-20.406067	0.661019
578514	-20.406820	0.661474
578814	-20.407608	0.661862
579114	-20.408444	0.662415
579414	-20.408975	0.662598
579714	-20.409617	0.662343
580014	-20.410505	0.663316
580314	-20.411359	0.663892
580614	-20.412140	0.663680
580914	-20.412790	0.664610
581214	-20.413426	0.664905
581514	-20.414242	0.664840
581814	-20.414800	0.664822
582114	-20.415496	0.665376
582414	-20.416371	0.665592
582714	-20.417024	0.666035
583014	-20.417776	0.666360
583314	-20.418372	0.666679
583614	-20.418931	0.667224
583914	-20.419807	0.667955
584214	-20.420470	0.667872
584514	-20.421151	0.667788
584814	-20.421843	0.667268
585114	-20.422597	0.666850
585414	-20.423516	0.666978
585714	-20.424242	0.666769
586014	-20.424807	0.666797
586314	-20.425463	0.666596
586614	-20.426087	0.666314
586914	-20.426758	0.665912
587214	-20.427489	0.666127
587514	-20.428003	0.666136
587814	-20.428686	0.666303
588114	-20.429229	0.666441
588414	-20.430170	0.666733
588714	-20.431080	0.667250
589014	-20.431917	0.667684
589314	-20.432727	0.667449
589614	-20.433419	0.667842
589914	-20.434178	0.668559
590214	-20.434760	0.668780
590514	-20.435315	0.669107
590814	-20.435798	0.669332
591114	-20.436378	0.669410
591414	-20.436966	0.669310
591714	-20.437476	0.669543
592014	-20.438129	0.669559
592314	-20.438866	0.669932
592614	-20.439425	0.669513
592914	-20.440017	0.670014
593214	-20.440708	0.670781
593514	-20.441321	0.670820
593814	-20.441987	0.671279
594114	-20.442581	0.671167
594414	-20.443348	0.671369
594714	-20.443966	0.671371
595014	-20.444424	0.671583
595314	-20.444956	0.671935
595614	-20.445924	0.672303
595914	-20.446374	0.672402
596214	-20.447196	0.671674
596514	-20.448031	0.671758
596814	-20.448623	0.670834
597114	-20.449396	0.671007
597414	-20.450152	0.671248
597714	-20.450661	0.672507
598014	-20.451418	0.673228
598314	-20.451836	0.673120
598614	-20.452313	0.673289
598914	-20.453397	0.675981
599214	-20.454211	0.676006
599514	-20.454880	0.675994
599814	-20.456177	0.676876
600041	-20.456695	0.676968
600116	-20.456857	0.677307
600416	-20.457458	0.677400
600716	-20.458294	0.677130
601016	-20.458998	0.677613
601316	-20.459553	0.677131
601616	-20.460381	0.677221
601916	-20.461245	0.677555
602216	-20.461822	0.677305
602516	-20.462516	0.677006
602816	-20.463062	0.677171
603116	-20.463648	0.677025
603416	-20.464451	0.677741
603716	-20.465046	0.677258
604016	-20.465733	0.678044
604316	-20.466447	0.678201
604616	-20.467076	0.678113
604916	-20.467735	0.677958
605216	-20.468448	0.678041
605516	-20.469245	0.678434
605816	-20.470490	0.678698
606116	-20.471209	0.679187
606416	-20.471887	0.678857
606716	-20.472828	0.679411
607016	-20.473572	0.679943
607316	-20.474498	0.680165
607616	-20.475244	0.680136
607916	-20.476012	0.679324
608216	-20.476929	0.679594
608516	-20.477507	0.679427
608816	-20.478298	0.679972
609116	-20.478976	0.681540
609416	-20.479623	0.681590
609716	-20.480665	0.681133
610016	-20.481378	0.681675
610316	-20.482083	0.681372
610616	-20.482743	0.682264
610916	-20.483494	0.682620
611216	-20.484168	0.682880
611516	-20.484731	0.682120
611816	-20.485628	0.682997
612116	-20.486252	0.683628
612416	-20.486813	0.683382
612716	-20.487371	0.683494
613016	-20.487789	0.683536
613316	-20.488453	0.683533
613616	-20.489271	0.685271
613916	-20.490018	0.685880
614216	-20.490457	0.686746
614516	-20.491180	0.687526
614816	-20.491929	0.687643
615116	-20.492522	0.687526
615416	-20.493102	0.687621
615716	-20.493965	0.688600
616016	-20.494663	0.688368
616316	-20.495254	0.689082
616616	-20.495705	0.689138
616916	-20.496385	0.690005
617216	-20.497113	0.690064
617516	-20.497934	0.689969
617816	-20.498561	0.690006
618116	-20.499083	0.690388
618416	-20.499752	0.690387
618716	-20.500469	0.691037
619016	-20.500918	0.690883
619316	-20.502018	0.691740
619616	-20.502627	0.691777
619916	-20.503310	0.691945
620216	-20.504065	0.691840
620516	-20.504771	0.692051
620816	-20.505400	0.692345
621116	-20.506064	0.692702
621416	-20.506859	0.693157
621716	-20.507545	0.693095
622016	-20.508328	0.692402
622316	-20.509074	0.692944
622616	-20.509894	0.693236
622916	-20.510337	0.693124
623216	-20.510920	0.693242
623516	-20.511449	0.693639
623816	-20.512001	0.693819
624116	-20.512543	0.694290
624416	-20.513409	0.694914
624716	-20.514199	0.695336
625016	-20.514721	0.695014
625316	-20.515438	0.694948
625616	-20.516319	0.695220
625916	-20.516967	0.695274
626216	-20.517619	0.695333
626516	-20.518335	0.695290
626816	-20.518939	0.695589
627116	-20.519583	0.695763
627416	-20.520230	0.696185
627716	-20.520747	0.696524
628016	-20.521297	0.697515
628316	-20.522005	0.697478
628616	-20.522636	0.697619
628916	-20.523105	0.697481
629216	-20.523830	0.698941
629516	-20.524688	0.699439
629816	-20.525482	0.699138
630043	-20.525986	0.699116
630118	-20.526097	0.699619
630418	-20.526725	0.700013
630718	-20.527238	0.699396
631018	-20.527789	0.699470
631318	-20.528756	0.699613
631618	-20.529297	0.699496
631918	-20.529852	0.699446
632218	-20.530319	0.700094
632518	-20.530996	0.700576
632818	-20.531637	0.700569
633118	-20.532514	0.700272
633418	-20.532918	0.700326
633718	-20.533620	0.699388
634018	-20.534299	0.700076
634318	-20.534747	0.700481
634618	-20.535693	0.701137
634918	-20.536611	0.702106
635218	-20.537229	0.701950
635518	-20.538066	0.702830
635818	-20.538660	0.702499
636118	-20.539240	0.702481
636418	-20.539775	0.702497
636718	-20.540515	0.702328
637018	-20.540978	0.703471
637318	-20.541578	0.703671
637618	-20.542384	0.703857
637918	-20.543126	0.703488
638218	-20.543704	0.703798
638518	-20.544259	0.704314
638818	-20.544972	0.704450
639118	-20.545539	0.704533
639418	-20.546129	0.704934
639718	-20.546825	0.705222
640018	-20.547655	0.705743
640318	-20.548569	0.705965
640618	-20.549286	0.706052
640918	-20.550013	0.705869
641218	-20.550584	0.706155
641518	-20.551521	0.706168
641818	-20.552331	0.706476
642118	-20.552971	0.706892
642418	-20.553759	0.707099
642718	-20.554352	0.706807
643018	-20.555195	0.706974
643318	-20.555988	0.707533
643618	-20.556573	0.707966
643918	-20.557129	0.708092
644218	-20.558162	0.708387
644518	-20.558931	0.708603
644818	-20.559443	0.708557
645118	-20.560054	0.708826
645418	-20.560635	0.709071
645718	-20.561422	0.709141
646018	-20.562055	0.710872
646318	-20.562832	0.711428
646618	-20.563645	0.711204
646918	-20.564173	0.711338
647218	-20.564835	0.711835
647518	-20.565454	0.711541
647818	-20.566121	0.712035
648118	-20.566658	0.711996
648418	-20.567374	0.712484
648718	-20.568210	0.712520
649018	-20.569038	0.712033
649318	-20.569639	0.712240
649618	-20.570320	0.712281
649918	-20.570999	0.712488
650218	-20.571529	0.712660
650518	-20.572108	0.711970
650818	-20.572494	0.712179
651118	-20.573021	0.712620
651418	-20.573677	0.713057
651718	-20.574215	0.712243
652018	-20.574764	0.712497
652318	-20.575587	0.712401
652618	-20.576290	0.712695
652918	-20.576836	0.712700
653218	-20.577417	0.712412
653518	-20.578536	0.714137
653818	-20.578985	0.714393
654118	-20.579655	0.714419
654418	-20.580354	0.714529
654718	-20.581281	0.714858
655018	-20.581819	0.714696
655318	-20.582530	0.714580
655618	-20.583234	0.715147
655918	-20.583969	0.715664
656218	-20.584580	0.715515
656518	-20.585092	0.716179
656818	-20.585593	0.716362
657118	-20.586251	0.716542
657418	-20.587125	0.716325
657718	-20.587731	0.716499
658018	-20.588499	0.717092
658318	-20.589089	0.716748
658618	-20.589728	0.717556
658918	-20.590298	0.717747
659218	-20.591068	0.717722
659518	-20.591763	0.718195
659818	-20.592169	0.717991
660045	-20.592582	0.718342
660120	-20.592731	0.718616
660420	-20.593258	0.718665
660720	-20.593848	0.718706
661020	-20.594409	0.718699
661320	-20.594961	0.718551
661620	-20.595444	0.718520
661920	-20.596201	0.718535
662220	-20.596736	0.718953
662520	-20.597218	0.718867
662820	-20.597943	0.718863
663120	-20.598514	0.719212
663420	-20.599247	0.719370
663720	-20.599828	0.719877
664020	-20.600476	0.719696
664320	-20.601060	0.720117
664620	-20.601684	0.719951
664920	-20.602335	0.720339
665220	-20.602851	0.721030
665520	-20.603494	0.723136
665820	-20.604033	0.723480
666120	-20.604655	0.723841
666420	-20.605416	0.723526
666720	-20.605869	0.723409
667020	-20.606483	0.723270
667320	-20.606948	0.723518
667620	-20.607544	0.723146
667920	-20.608136	0.723406
668220	-20.608824	0.723634
668520	-20.609425	0.724246
668820	-20.610031	0.724537
669120	-20.610983	0.724376
669420	-20.611428	0.724403
669720	-20.611968	0.724211
670020	-20.612704	0.724506
670320	-20.613322	0.725490
670620	-20.613985	0.725496
670920	-20.614688	0.725948
671220	-20.615272	0.726200
671520	-20.615940	0.726167
671820	-20.616787	0.726395
672120	-20.617460	0.726549
672420	-20.618126	0.726457
672720	-20.618673	0.727016
673020	-20.619433	0.725396
673320	-20.620063	0.726486
673620	-20.620695	0.726857
673920	-20.621290	0.727389
674220	-20.621920	0.727440
674520	-20.622710	0.727280
674820	-20.623221	0.727746
675120	-20.623979	0.727616
675420	-20.624778	0.727128
675720	-20.625142	0.727420
676020	-20.625614	0.727574
676320	-20.626097	0.727494
676620	-20.626658	0.727154
676920	-20.627066	0.726853
677220	-20.627516	0.727110
677520	-20.628136	0.727021
677820	-20.628920	0.727312
678120	-20.629630	0.728222
678420	-20.630351	0.728249
678720	-20.630983	0.728905
679020	-20.631450	0.728797
679320	-20.631868	0.729081
679620	-20.632276	0.729022
679920	-20.632647	0.729083
680220	-20.633200	0.729754
680520	-20.633711	0.730021
680820	-20.634525	0.730025
681120	-20.635318	0.729285
681420	-20.635873	0.729081
681720	-20.636387	0.728851
682020	-20.636737	0.729234
682320	-20.637377	0.729649
682620	-20.637841	0.729150
682920	-20.638900	0.730243
683220	-20.639580	0.729848
683520	-20.640032	0.729979
683820	-20.640555	0.729812
684120	-20.640966	0.730272
684420	-20.641792	0.730878
684720	-20.642344	0.730999
685020	-20.643192	0.731323
685320	-20.643789	0.732278
685620	-20.644445	0.732983
685920	-20.645196	0.733825
686220	-20.645621	0.733925
686520	-20.646120	0.733489
686820	-20.646873	0.735400
687120	-20.647324	0.735541
687420	-20.647831	0.734891
687720	-20.648345	0.735226
688020	-20.648993	0.735603
688320	-20.649488	0.736139
688620	-20.650234	0.736772
688920	-20.650635	0.736593
689220	-20.651130	0.736919
689520	-20.651893	0.737378
689820	-20.652476	0.737576
690047	-20.652877	0.737335
690122	-20.653060	0.737261
690422	-20.653657	0.736958
690722	-20.654128	0.737152
691022	-20.654718	0.737420
691322	-20.655352	0.737032
691622	-20.655670	0.737119
691922	-20.656025	0.737076
692222	-20.656497	0.737177
692522	-20.657076	0.737419
692822	-20.657907	0.738200
693122	-20.658660	0.738296
693422	-20.659224	0.738210
693722	-20.659932	0.738378
694022	-20.660483	0.738478
694322	-20.661281	0.738304
694622	-20.661970	0.738466
694922	-20.662458	0.738480
695222	-20.662979	0.738282
695522	-20.663569	0.738453
695822	-20.664175	0.738944
696122	-20.664590	0.738959
696422	-20.665150	0.738422
696722	-20.665620	0.738633
697022	-20.666040	0.738853
697322	-20.666619	0.738554
697622	-20.667107	0.738815
697922	-20.667731	0.739417
698222	-20.668343	0.739338
698522	-20.668911	0.740887
698822	-20.669689	0.741058
699122	-20.670466	0.741444
699422	-20.670940	0.741525
699722	-20.671393	0.741617
700022	-20.671809	0.741674
700322	-20.672344	0.741927
700622	-20.672942	0.742213
700922	-20.673701	0.742557
701222	-20.674298	0.742344
701522	-20.675007	0.742512
701822	-20.675542	0.742301
702122	-20.676327	0.742733
702422	-20.676871	0.742986
702722	-20.677551	0.743105
703022	-20.678015	0.743562
703322	-20.678815	0.743215
703622	-20.679475	0.743319
703922	-20.680033	0.743343
704222	-20.680636	0.743583
704522	-20.681395	0.743668
704822	-20.681929	0.743664
705122	-20.682757	0.744376
705422	-20.683203	0.743875
705722	-20.683732	0.744505
706022	-20.684553	0.744168
706322	-20.685231	0.745740
706622	-20.685942	0.745786
706922	-20.686996	0.745148
707222	-20.687873	0.746292
707522	-20.688435	0.746398
707822	-20.688964	0.746634
708122	-20.689531	0.746812
708422	-20.690130	0.746795
708722	-20.690605	0.747003
709022	-20.691084	0.747056
709322	-20.691724	0.746729
709622	-20.692270	0.746972
709922	-20.692865	0.747263
710222	-20.693494	0.747424
710522	-20.694047	0.748220
710822	-20.694501	0.748827
711122	-20.695170	0.748972
711422	-20.695692	0.749764
711722	-20.696497	0.749713
712022	-20.696938	0.749495
712322	-20.697517	0.749884
712622	-20.698247	0.749646
712922	-20.698853	0.749444
713222	-20.699351	0.748390
713522	-20.700031	0.748408
713822	-20.700656	0.748781
714122	-20.701174	0.749038
714422	-20.701826	0.748889
714722	-20.702762	0.749464
715022	-20.703629	0.749106
715322	-20.704091	0.749280
715622	-20.704499	0.749156
715922	-20.705020	0.749310
716222	-20.705537	0.749419
716522	-20.706256	0.750246
716822	-20.706926	0.750312
717122	-20.707319	0.750521
717422	-20.707687	0.750506
717722	-20.708227	0.750623
718022	-20.708913	0.751206
718322	-20.709530	0.751283
718622	-20.710239	0.751200
718922	-20.710845	0.752474
719222	-20.711547	0.751978
719522	-20.712074	0.752373
719822	-20.712580	0.752659
720049	-20.712990	0.752757
720124	-20.713106	0.752808
720424	-20.713611	0.752898
720724	-20.714210	0.753585
721024	-20.714860	0.753649
721324	-20.715687	0.753747
721624	-20.716278	0.753772
721924	-20.716817	0.754013
722224	-20.717582	0.754436
722524	-20.718029	0.754660
722824	-20.718596	0.754659
723124	-20.719013	0.754454
723424	-20.719532	0.754590
723724	-20.719915	0.754493
724024	-20.720356	0.754282
724324	-20.720871	0.754728
724624	-20.721688	0.755457
724924	-20.722129	0.755631
725224	-20.722606	0.755314
725524	-20.723115	0.755444
725824	-20.723826	0.755756
726124	-20.724453	0.755799
726424	-20.725098	0.756025
726724	-20.725506	0.756208
727024	-20.726128	0.756026
727324	-20.726678	0.756754
727624	-20.727343	0.756904
727924	-20.727970	0.756313
728224	-20.728520	0.757249
728524	-20.729078	0.757458
728824	-20.729531	0.757578
729124	-20.730061	0.757839
729424	-20.730712	0.757925
729724	-20.731325	0.758306
730024	-20.732065	0.759087
730324	-20.732520	0.759089
730624	-20.733092	0.759153
730924	-20.733932	0.759395
731224	-20.734510	0.759301
731524	-20.735055	0.759744
731824	-20.735563	0.759907
732124	-20.736161	0.760136
732424	-20.736648	0.760095
732724	-20.737258	0.760451
733024	-20.737822	0.759054
733324	-20.738387	0.759006
733624	-20.739005	0.759810
733924	-20.739470	0.759790
734224	-20.739877	0.759607
734524	-20.740236	0.759430
734824	-20.740710	0.759301
735124	-20.741293	0.759322
735424	-20.742011	0.759628
735724	-20.742438	0.760075
736024	-20.742777	0.760401
736324	-20.743287	0.761015
736624	-20.743688	0.761034
736924	-20.744318	0.762588
737224	-20.744776	0.762887
737524	-20.745271	0.762782
737824	-20.745863	0.763023
738124	-20.746242	0.763357
738424	-20.746844	0.763944
738724	-20.747344	0.764095
739024	-20.747865	0.764208
739324	-20.748479	0.764825
739624	-20.749154	0.764730
739924	-20.749653	0.764976
740224	-20.750118	0.765577
740524	-20.750668	0.766048
740824	-20.751145	0.765994
741124	-20.751565	0.766055
741424	-20.752233	0.766451
741724	-20.752640	0.766399
742024	-20.753112	0.766700
742324	-20.753529	0.767080
742624	-20.754218	0.766224
742924	-20.754735	0.766540
743224	-20.755219	0.766477
743524	-20.755920	0.766322
743824	-20.756408	0.766562
744124	-20.756820	0.766981
744424	-20.757281	0.767337
744724	-20.757920	0.767058
745024	-20.758374	0.767458
745324	-20.758792	0.767881
745624	-20.759338	0.767770
745924	-20.759917	0.767978
746224	-20.760386	0.768594
746524	-20.760748	0.768406
746824	-20.761404	0.768528
747124	-20.762043	0.769394
747424	-20.762519	0.769193
747724	-20.763062	0.769163
748024	-20.763457	0.769185
748324	-20.763785	0.769456
748624	-20.764210	0.769799
748924	-20.764826	0.770018
749224	-20.765496	0.770044
749524	-20.766124	0.770031
749824	-20.766567	0.769830
750051	-20.766835	0.770030
750126	-20.766911	0.770039
750426	-20.767285	0.770003
750726	-20.767828	0.770075
751026	-20.768364	0.770236
751326	-20.768870	0.770284
751626	-20.769454	0.769894
751926	-20.769799	0.769805
752226	-20.770286	0.770072
752526	-20.770713	0.770181
752826	-20.771217	0.770317
753126	-20.771943	0.770300
753426	-20.772747	0.770394
753726	-20.773428	0.770925
754026	-20.774066	0.770785
754326	-20.774845	0.771110
754626	-20.775362	0.770806
754926	-20.775775	0.770947
755226	-20.776289	0.771560
755526	-20.776763	0.771745
755826	-20.777059	0.771934
756126	-20.777563	0.771989
756426	-20.778061	0.772271
756726	-20.778591	0.772239
757026	-20.779129	0.772530
757326	-20.779636	0.772431
757626	-20.780076	0.772434
757926	-20.780577	0.772559
758226	-20.781161	0.772966
758526	-20.781659	0.773387
758826	-20.782095	0.773974
759126	-20.782498	0.774110
759426	-20.782870	0.774096
759726	-20.783347	0.774409
760026	-20.783741	0.774615
760326	-20.784380	0.774206
760626	-20.784946	0.774138
760926	-20.785349	0.774225
761226	-20.785835	0.774261
761526	-20.786452	0.774842
761826	-20.787029	0.774828
762126	-20.787521	0.775154
762426	-20.787964	0.775097
762726	-20.788450	0.774890
763026	-20.788942	0.774621
763326	-20.789508	0.774636
763626	-20.789993	0.774832
763926	-20.790525	0.774716
764226	-20.790895	0.775039
764526	-20.791346	0.774802
764826	-20.791754	0.774648
765126	-20.792268	0.774801
765426	-20.792761	0.775242
765726	-20.793323	0.775354
766026	-20.793914	0.776280
766326	-20.794376	0.776636
766626	-20.794794	0.776636
766926	-20.795169	0.776546
767226	-20.795586	0.776866
767526	-20.796051	0.777178
767826	-20.796520	0.777339
768126	-20.796931	0.777484
768426	-20.797294	0.777256
768726	-20.797754	0.777655
769026	-20.798241	0.777710
769326	-20.798557	0.777470
769626	-20.799036	0.777597
769926	-20.799391	0.777299
770226	-20.799802	0.777384
770526	-20.800209	0.777601
770826	-20.800688	0.777889
771126	-20.801328	0.778355
771426	-20.802136	0.778772
771726	-20.802594	0.778819
772026	-20.802976	0.779203
772326	-20.803534	0.779625
772626	-20.804145	0.779574
772926	-20.804732	0.779780
773226	-20.805451	0.779567
773526	-20.805887	0.779769
773826	-20.806380	0.779922
774126	-20.806872	0.780072
774426	-20.807251	0.780239
774726	-20.807686	0.780412
775026	-20.808083	0.781042
775326	-20.808575	0.780767
775626	-20.808930	0.780811
775926	-20.809286	0.780957
776226	-20.809789	0.780883
776526	-20.810233	0.781098
776826	-20.810592	0.781609
777126	-20.810977	0.781410
777426	-20.811325	0.781517
777726	-20.811772	0.781715
778026	-20.812181	0.781887
778326	-20.812634	0.781852
778626	-20.813089	0.782486
778926	-20.813603	0.782607
779226	-20.814173	0.784342
779526	-20.814571	0.784466
779826	-20.814994	0.784650
780053	-20.815287	0.784543
780128	-20.815509	0.784447
780428	-20.816005	0.783216
780728	-20.816443	0.783667
781028	-20.816815	0.783455
781328	-20.817384	0.783727
781628	-20.817671	0.783803
781928	-20.818096	0.783993
782228	-20.818601	0.784337
782528	-20.818929	0.784446
782828	-20.819404	0.784212
783128	-20.819817	0.784627
783428	-20.820529	0.785047
783728	-20.820936	0.785090
784028	-20.821321	0.785101
784328	-20.821854	0.785069
784628	-20.822286	0.785485
784928	-20.822670	0.785791
785228	-20.823111	0.785449
785528	-20.823542	0.785697
785828	-20.823969	0.786425
786128	-20.824375	0.786384
786428	-20.824803	0.786554
786728	-20.825350	0.786539
787028	-20.826035	0.787444
787328	-20.826649	0.787230
787628	-20.827099	0.786809
787928	-20.827461	0.786718
788228	-20.828053	0.787378
788528	-20.828537	0.787618
788828	-20.829020	0.787290
789128	-20.829480	0.787791
789428	-20.829821	0.787909
789728	-20.830228	0.788175
790028	-20.830588	0.788108
790328	-20.831254	0.788454
790628	-20.831812	0.789279
790928	-20.832164	0.789554
791228	-20.832486	0.789652
791528	-20.833166	0.789641
791828	-20.833581	0.788627
792128	-20.834008	0.788478
792428	-20.834361	0.788833
792728	-20.834693	0.788948
793028	-20.835153	0.789124
793328	-20.835556	0.789168
793628	-20.835861	0.789178
793928	-20.836309	0.789208
794228	-20.836811	0.789186
794528	-20.837346	0.789847
794828	-20.837902	0.789793
795128	-20.838288	0.790016
795428	-20.838652	0.790188
795728	-20.839087	0.790347
796028	-20.839488	0.790380
796328	-20.839878	0.790766
796628	-20.840347	0.790747
796928	-20.840733	0.790575
797228	-20.841148	0.790809
797528	-20.841619	0.790978
797828	-20.841975	0.791408
798128	-20.842492	0.791315
798428	-20.842973	0.790889
798728	-20.843408	0.790884
799028	-20.843913	0.791131
799328	-20.844328	0.791583
799628	-20.844899	0.791143
799928	-20.845240	0.791282
800228	-20.845674	0.791745
800528	-20.846035	0.791901
800828	-20.846503	0.791796
801128	-20.847000	0.792009
801428	-20.847535	0.792134
801728	-20.848067	0.792918
802028	-20.848604	0.792947
802328	-20.848990	0.792376
802628	-20.849464	0.792435
802928	-20.849945	0.792343
803228	-20.850522	0.792027
803528	-20.851160	0.792273
803828	-20.851750	0.792422
804128	-20.852445	0.792469
804428	-20.852952	0.792760
804728	-20.853291	0.792713
805028	-20.853822	0.794453
805328	-20.854409	0.794642
805628	-20.854814	0.795057
805928	-20.855126	0.794533
806228	-20.855574	0.795109
806528	-20.855928	0.794561
806828	-20.856402	0.795108
807128	-20.856829	0.795435
807428	-20.857235	0.794805
807728	-20.857693	0.795100
808028	-20.858020	0.795040
808328	-20.858543	0.795247
808628	-20.858866	0.795501
808928	-20.859218	0.795918
809228	-20.860026	0.796684
809528	-20.860382	0.796925
809828	-20.860707	0.797229
810055	-20.861018	0.797185
810130	-20.861082	0.797107
810430	-20.861510	0.797223
810730	-20.861973	0.797788
811030	-20.862477	0.797832
811330	-20.862889	0.798187
811630	-20.863409	0.798247
811930	-20.863906	0.797928
812230	-20.864686	0.798196
812530	-20.865206	0.798358
812830	-20.865575	0.798606
813130	-20.866182	0.798933
813430	-20.866721	0.799218
813730	-20.867019	0.799235
814030	-20.867537	0.799915
814330	-20.868016	0.800588
814630	-20.868409	0.800623
814930	-20.868772	0.800528
815230	-20.869256	0.800633
815530	-20.869713	0.800655
815830	-20.870052	0.799767
816130	-20.870523	0.799479
816430	-20.870958	0.800044
816730	-20.871359	0.800044
817030	-20.871724	0.799966
817330	-20.872119	0.800131
817630	-20.872501	0.800216
817930	-20.872877	0.800066
818230	-20.873373	0.799956
818530	-20.873804	0.801109
818830	-20.874267	0.801299
819130	-20.874722	0.802117
819430	-20.875116	0.802354
819730	-20.875444	0.802516
820030	-20.875857	0.802614
820330	-20.876237	0.802404
820630	-20.876573	0.802686
820930	-20.876836	0.802872
821230	-20.877269	0.802509
821530	-20.877658	0.802451
821830	-20.878093	0.802692
822130	-20.878634	0.803009
822430	-20.879288	0.803245
822730	-20.879812	0.803541
823030	-20.880313	0.803616
823330	-20.880690	0.803738
823630	-20.881033	0.803512
823930	-20.881609	0.803893
824230	-20.881974	0.803774
824530	-20.882372	0.803804
824830	-20.883036	0.803754
825130	-20.883488	0.803819
825430	-20.883938	0.804188
825730	-20.884515	0.803973
826030	-20.884973	0.804150
826330	-20.885376	0.803860
826630	-20.885696	0.803902
826930	-20.886167	0.803832
827230	-20.886516	0.803743
827530	-20.887047	0.803968
827830	-20.887508	0.804549
828130	-20.887966	0.804554
828430	-20.888427	0.804251
828730	-20.888869	0.804970
829030	-20.889394	0.804999
829330	-20.889688	0.804795
829630	-20.890231	0.805587
829930	-20.890522	0.806298
830230	-20.890833	0.806343
830530	-20.891262	0.806401
830830	-20.891585	0.806659
831130	-20.891900	0.806932
831430	-20.892501	0.806821
831730	-20.892899	0.806753
832030	-20.893165	0.807060
832330	-20.893565	0.807306
832630	-20.893994	0.808057
832930	-20.894263	0.808618
833230	-20.894645	0.808768
833530	-20.895042	0.808737
833830	-20.895412	0.808571
834130	-20.895900	0.809296
834430	-20.896183	0.809499
834730	-20.896638	0.809611
835030	-20.897045	0.809331
835330	-20.897410	0.809382
835630	-20.897811	0.809362
835930	-20.898366	0.809479
836230	-20.898678	0.809424
836530	-20.899044	0.809576
836830	-20.899360	0.809640
837130	-20.899727	0.809590
837430	-20.900293	0.809742
837730	-20.900679	0.809728
838030	-20.901140	0.809756
838330	-20.901502	0.809783
838630	-20.902036	0.810211
838930	-20.902456	0.810199
839230	-20.902936	0.810135
839530	-20.903238	0.810000
839830	-20.903681	0.810387
840057	-20.904020	0.810794
840132	-20.904065	0.810597
840432	-20.904441	0.810592
840732	-20.904916	0.810950
841032	-20.905233	0.810956
841332	-20.905538	0.810757
841632	-20.905972	0.810817
841932	-20.906313	0.811227
842232	-20.906686	0.811271
842532	-20.906976	0.811011
842832	-20.907282	0.811212
843132	-20.907673	0.811261
843432	-20.907975	0.811504
843732	-20.908491	0.811642
844032	-20.909003	0.811757
844332	-20.909543	0.811501
844632	-20.909932	0.811644
844932	-20.910281	0.811736
845232	-20.910556	0.811638
845532	-20.910988	0.811949
845832	-20.911543	0.812057
846132	-20.911873	0.812049
846432	-20.912183	0.812442
846732	-20.912489	0.812515
847032	-20.912864	0.812523
847332	-20.913261	0.812755
847632	-20.913675	0.812760
847932	-20.914109	0.812827
848232	-20.914466	0.813225
848532	-20.914849	0.813144
848832	-20.915429	0.813480
849132	-20.915906	0.813742
849432	-20.916337	0.813872
849732	-20.916876	0.814395
850032	-20.917252	0.814389
850332	-20.917560	0.814572
850632	-20.918024	0.814464
850932	-20.918604	0.814695
851232	-20.919033	0.814740
851532	-20.919425	0.815015
851832	-20.919975	0.815433
852132	-20.920497	0.815705
852432	-20.920830	0.815819
852732	-20.921205	0.816200
853032	-20.921608	0.816038
853332	-20.921906	0.816101
853632	-20.922242	0.816278
853932	-20.922602	0.816514
854232	-20.923023	0.816768
854532	-20.923449	0.816777
854832	-20.923727	0.816832
855132	-20.924125	0.817101
855432	-20.924462	0.817702
855732	-20.924708	0.817618
856032	-20.925154	0.817567
856332	-20.925439	0.817545
856632	-20.925870	0.817503
856932	-20.926326	0.817931
857232	-20.926746	0.817627
857532	-20.927089	0.818153
857832	-20.927450	0.817975
858132	-20.927804	0.818029
858432	-20.928316	0.817786
858732	-20.928783	0.818043
859032	-20.929170	0.818350
859332	-20.929480	0.818567
859632	-20.929763	0.818407
859932	-20.930044	0.818483
860232	-20.930381	0.818628
860532	-20.930808	0.818847
860832	-20.931379	0.820171
861132	-20.931698	0.820163
861432	-20.932178	0.819881
861732	-20.932631	0.820083
862032	-20.932976	0.820167
862332	-20.933440	0.820051
862632	-20.933734	0.819961
862932	-20.933959	0.820040
863232	-20.934308	0.820255
863532	-20.934653	0.820347
863832	-20.934990	0.820469
864132	-20.935306	0.820597
864432	-20.935713	0.820804
864732	-20.936247	0.820546
865032	-20.936592	0.820673
865332	-20.936917	0.820815
865632	-20.937242	0.820721
865932	-20.937641	0.820887
866232	-20.938008	0.821407
866532	-20.938326	0.820957
866832	-20.938909	0.820627
867132	-20.939240	0.820836
867432	-20.939540	0.820729
867732	-20.939895	0.820385
868032	-20.940173	0.820564
868332	-20.940470	0.820292
868632	-20.940758	0.820383
868932	-20.941106	0.820800
869232	-20.941468	0.821104
869532	-20.941967	0.821212
869832	-20.942255	0.821058
870059	-20.942492	0.821202
870134	-20.942578	0.821346
870434	-20.942998	0.821524
870734	-20.943338	0.821286
871034	-20.943729	0.821351
871334	-20.944250	0.821927
871634	-20.944730	0.821780
871934	-20.945130	0.822370
872234	-20.945488	0.822139
872534	-20.945778	0.822376
872834	-20.946138	0.822644
873134	-20.946487	0.823088
873434	-20.946782	0.823293
873734	-20.947106	0.823290
874034	-20.947458	0.823642
874334	-20.947786	0.823586
874634	-20.948065	0.823606
874934	-20.948318	0.823488
875234	-20.948730	0.823756
875534	-20.948985	0.823969
875834	-20.949389	0.824164
876134	-20.949790	0.824220
876434	-20.950104	0.824265
876734	-20.950425	0.824762
877034	-20.950784	0.824919
877334	-20.951224	0.825321
877634	-20.951570	0.825129
877934	-20.951969	0.824855
878234	-20.952344	0.825256
878534	-20.952834	0.825680
878834	-20.953093	0.826146
879134	-20.953517	0.826240
879434	-20.953841	0.826310
879734	-20.954204	0.826519
880034	-20.954543	0.825637
880334	-20.954941	0.825601
880634	-20.955276	0.825433
880934	-20.955641	0.825266
881234	-20.956130	0.826726
881534	-20.956402	0.826668
881834	-20.956793	0.826643
882134	-20.957233	0.826582
882434	-20.957527	0.826795
882734	-20.957941	0.826912
883034	-20.958409	0.826495
883334	-20.958714	0.826753
883634	-20.958958	0.826888
883934	-20.959431	0.826816
884234	-20.959758	0.826802
884534	-20.960089	0.826937
884834	-20.960500	0.827063
885134	-20.961045	0.827635
885434	-20.961393	0.827736
885734	-20.961950	0.828049
886034	-20.962344	0.828327
886334	-20.962684	0.828270
886634	-20.962992	0.828342
886934	-20.963324	0.828629
887234	-20.963697	0.828245
887534	-20.964071	0.828400
887834	-20.964457	0.828310
888134	-20.964915	0.828354
888434	-20.965143	0.828339
888734	-20.965457	0.828436
889034	-20.965793	0.828466
889334	-20.966258	0.828443
889634	-20.966614	0.828687
889934	-20.966989	0.828843
890234	-20.967366	0.829348
890534	-20.967733	0.829622
890834	-20.968166	0.830023
891134	-20.968502	0.830468
891434	-20.968730	0.830590
891734	-20.969011	0.830510
892034	-20.969444	0.830615
892334	-20.969762	0.830896
892634	-20.970120	0.831333
892934	-20.970514	0.831146
893234	-20.970882	0.831440
893534	-20.971293	0.831949
893834	-20.971593	0.831675
894134	-20.971867	0.831625
894434	-20.972229	0.831811
894734	-20.972503	0.831722
895034	-20.972836	0.831883
895334	-20.973074	0.831957
895634	-20.973365	0.831634
895934	-20.973655	0.831755
896234	-20.974047	0.832020
896534	-20.974346	0.832015
896834	-20.974668	0.831690
897134	-20.975198	0.831884
897434	-20.975584	0.832044
897734	-20.975981	0.831794
898034	-20.976257	0.831803
898334	-20.976531	0.831976
898634	-20.976815	0.832083
898934	-20.977160	0.832240
899234	-20.977480	0.832453
899534	-20.977702	0.832527
899834	-20.978074	0.832683
900061	-20.978272	0.832523
900136	-20.978352	0.832778
900436	-20.978611	0.832777
900736	-20.978903	0.833181
901036	-20.979120	0.833415
901336	-20.979425	0.833247
901636	-20.979916	0.833383
901936	-20.980239	0.833445
902236	-20.980707	0.832447
902536	-20.981051	0.832836
902836	-20.981368	0.832749
903136	-20.981639	0.832603
903436	-20.981940	0.832862
903736	-20.982256	0.832903
904036	-20.982637	0.833037
904336	-20.982930	0.833370
904636	-20.983229	0.833566
904936	-20.983512	0.833912
905236	-20.983803	0.834251
905536	-20.984124	0.834314
905836	-20.984428	0.834130
906136	-20.984733	0.833896
906436	-20.985121	0.834273
906736	-20.985384	0.834186
907036	-20.985757	0.835558
907336	-20.986101	0.835300
907636	-20.986455	0.835419
907936	-20.986691	0.835505
908236	-20.986902	0.835788
908536	-20.987343	0.835681
908836	-20.987645	0.836045
909136	-20.988105	0.836263
909436	-20.988451	0.836471
909736	-20.988737	0.836570
910036	-20.989017	0.836500
910336	-20.989357	0.836742
910636	-20.989630	0.836479
910936	-20.989905	0.836924
911236	-20.990200	0.836798
911536	-20.990468	0.837066
911836	-20.990767	0.837084
912136	-20.991099	0.836984
912436	-20.991358	0.837093
912736	-20.991781	0.837272
913036	-20.992064	0.836996
913336	-20.992350	0.837262
913636	-20.992778	0.837285
913936	-20.993108	0.837888
914236	-20.993421	0.837640
914536	-20.993779	0.837536
914836	-20.994133	0.837826
915136	-20.994420	0.837666
915436	-20.994688	0.837654
915736	-20.995104	0.837671
916036	-20.995357	0.837926
916336	-20.995647	0.838169
916636	-20.995946	0.838085
916936	-20.996357	0.838041
917236	-20.996746	0.838095
917536	-20.997167	0.838242
917836	-20.997418	0.838566
918136	-20.997723	0.838842
918436	-20.998023	0.838995
918736	-20.998384	0.838987
919036	-20.998739	0.838471
919336	-20.999016	0.838727
919636	-20.999287	0.838820
919936	-20.999560	0.838945
920236	-20.999821	0.838903
920536	-21.000097	0.838803
920836	-21.000579	0.838582
921136	-21.001057	0.838712
921436	-21.001395	0.838859
921736	-21.001755	0.838954
922036	-21.002056	0.839309
922336	-21.002273	0.839273
922636	-21.002641	0.839342
922936	-21.002903	0.839790
923236	-21.003281	0.839787
923536	-21.003527	0.839663
923836	-21.003780	0.839816
924136	-21.004060	0.839773
924436	-21.004322	0.839816
924736	-21.004640	0.840093
925036	-21.005036	0.840475
925336	-21.005339	0.840483
925636	-21.005615	0.840802
925936	-21.005816	0.841001
926236	-21.006108	0.841091
926536	-21.006349	0.841123
926836	-21.006606	0.841094
927136	-21.006974	0.840798
927436	-21.007378	0.840963
927736	-21.007656	0.840680
928036	-21.007998	0.840827
928336	-21.008293	0.840733
928636	-21.008640	0.841084
928936	-21.008866	0.841286
929236	-21.009182	0.840890
929536	-21.009426	0.841110
929836	-21.009644	0.841306
930063	-21.009849	0.841498
930138	-21.009932	0.841603
930438	-21.010138	0.841669
930738	-21.010396	0.841935
931038	-21.010669	0.841615
931338	-21.011001	0.842058
931638	-21.011453	0.842062
931938	-21.011750	0.842470
932238	-21.012090	0.842417
932538	-21.012301	0.842555
932838	-21.012645	0.842576
933138	-21.012921	0.842487
933438	-21.013211	0.842606
933738	-21.013514	0.842981
934038	-21.013795	0.842996
934338	-21.014188	0.843211
934638	-21.014506	0.843055
934938	-21.014834	0.843061
935238	-21.015130	0.842917
935538	-21.015427	0.843006
935838	-21.015730	0.842879
936138	-21.016057	0.843009
936438	-21.016301	0.843072
936738	-21.016675	0.843190
937038	-21.017022	0.843480
937338	-21.017275	0.843354
937638	-21.017607	0.843093
937938	-21.017870	0.843716
938238	-21.018284	0.843384
938538	-21.018501	0.843429
938838	-21.018796	0.843452
939138	-21.019006	0.843562
939438	-21.019307	0.843978
939738	-21.019540	0.844051
940038	-21.019842	0.844140
940338	-21.020177	0.844164
940638	-21.020426	0.844326
940938	-21.020735	0.844235
941238	-21.021061	0.844293
941538	-21.021264	0.844354
941838	-21.021617	0.844300
942138	-21.021970	0.844137
942438	-21.022288	0.844635
942738	-21.022556	0.845098
943038	-21.022828	0.845067
943338	-21.023029	0.845173
943638	-21.023367	0.845391
943938	-21.023634	0.845376
944238	-21.023889	0.845620
944538	-21.024188	0.845357
944838	-21.024530	0.845884
945138	-21.024836	0.845853
945438	-21.025067	0.846025
945738	-21.025375	0.845860
946038	-21.025756	0.846538
946338	-21.025962	0.846407
946638	-21.026203	0.846663
946938	-21.026431	0.846480
947238	-21.026704	0.846494
947538	-21.027116	0.846365
947838	-21.027516	0.846421
948138	-21.027746	0.846929
948438	-21.028019	0.846866
948738	-21.028244	0.847205
949038	-21.028558	0.847348
949338	-21.028740	0.847547
949638	-21.029066	0.847484
949938	-21.029352	0.847672
950238	-21.029596	0.847436
950538	-21.029889	0.847510
950838	-21.030203	0.847982
951138	-21.030488	0.848077
951438	-21.030726	0.847964
951738	-21.031152	0.847978
952038	-21.031398	0.848181
952338	-21.031648	0.848078
952638	-21.031898	0.848316
952938	-21.032151	0.848579
953238	-21.032414	0.848800
953538	-21.032619	0.848743
953838	-21.032810	0.848893
954138	-21.033039	0.849104
954438	-21.033265	0.849164
954738	-21.033553	0.849312
955038	-21.033912	0.849179
955338	-21.034119	0.849204
955638	-21.034332	0.849435
955938	-21.034637	0.849326
956238	-21.034907	0.849656
956538	-21.035181	0.849529
956838	-21.035499	0.849876
957138	-21.035811	0.850039
957438	-21.036101	0.850341
957738	-21.036399	0.850089
958038	-21.036591	0.850231
958338	-21.036772	0.850302
958638	-21.037020	0.850642
958938	-21.037275	0.850702
959238	-21.037500	0.850656
959538	-21.037715	0.850398
959838	-21.037963	0.850507
960065	-21.038228	0.850817
960140	-21.038302	0.850668
960440	-21.038528	0.850703
960740	-21.038840	0.851894
961040	-21.039206	0.851875
961340	-21.039509	0.851887
961640	-21.039794	0.852044
961940	-21.040103	0.852515
962240	-21.040342	0.852589
962540	-21.040603	0.852376
962840	-21.040887	0.852498
963140	-21.041078	0.852711
963440	-21.041425	0.852906
963740	-21.041686	0.853212
964040	-21.041942	0.853482
964340	-21.042199	0.853389
964640	-21.042440	0.853611
964940	-21.042637	0.853489
965240	-21.042877	0.853301
965540	-21.043141	0.853312
965840	-21.043329	0.853403
966140	-21.043733	0.853474
966440	-21.043978	0.853738
966740	-21.044248	0.853841
967040	-21.044489	0.853769
967340	-21.044686	0.853972
967640	-21.044878	0.853976
967940	-21.045158	0.853846
968240	-21.045362	0.853894
968540	-21.045660	0.854147
968840	-21.045991	0.854095
969140	-21.046217	0.853996
969440	-21.046443	0.854041
969740	-21.046713	0.854121
970040	-21.046975	0.854155
970340	-21.047213	0.854049
970640	-21.047487	0.854026
970940	-21.047853	0.854662
971240	-21.048124	0.854497
971540	-21.048406	0.854652
971840	-21.048673	0.854717
972140	-21.049046	0.855204
972440	-21.049275	0.855062
972740	-21.049545	0.855577
973040	-21.049795	0.855672
973340	-21.049989	0.855716
973640	-21.050179	0.855985
973940	-21.050433	0.856337
974240	-21.050859	0.855961
974540	-21.051068	0.855820
974840	-21.051333	0.856197
975140	-21.051575	0.856335
975440	-21.051917	0.856000
975740	-21.052216	0.855855
976040	-21.052451	0.856072
976340	-21.052687	0.856364
976640	-21.052905	0.856296
976940	-21.053134	0.856317
977240	-21.053374	0.856057
977540	-21.053596	0.856092
977840	-21.053939	0.855830
978140	-21.054194	0.856087
978440	-21.054475	0.856329
978740	-21.054675	0.856536
979040	-21.054919	0.856521
979340	-21.055124	0.856299
979640	-21.055381	0.856203
979940	-21.055663	0.856262
980240	-21.055992	0.856444
980540	-21.056294	0.856479
980840	-21.056448	0.856622
981140	-21.056694	0.856882
981440	-21.056943	0.857004
981740	-21.057145	0.857312
982040	-21.057455	0.857195
982340	-21.057789	0.857555
982640	-21.057981	0.857621
982940	-21.058184	0.858304
983240	-21.058380	0.858112
983540	-21.058634	0.858741
983840	-21.058857	0.858678
984140	-21.059083	0.858854
984440	-21.059259	0.858877
984740	-21.059549	0.858880
985040	-21.059695	0.859007
985340	-21.059882	0.859208
985640	-21.060093	0.859349
985940	-21.060344	0.859410
986240	-21.060567	0.859578
986540	-21.060806	0.859862
986840	-21.060976	0.859540
987140	-21.061179	0.859861
987440	-21.061352	0.860034
987740	-21.061562	0.860005
988040	-21.061973	0.859104
988340	-21.062141	0.858960
988640	-21.062359	0.858970
988940	-21.062648	0.858702
989240	-21.062852	0.858727
989540	-21.063049	0.858934
989840	-21.063292	0.858981
990067	-21.063428	0.858918
990142	-21.063502	0.858829
990442	-21.063685	0.859109
990742	-21.063928	0.859343
991042	-21.064128	0.859629
991342	-21.064379	0.859580
991642	-21.064561	0.859527
991942	-21.064727	0.859680
992242	-21.064928	0.859666
992542	-21.065158	0.860031
992842	-21.065344	0.860159
993142	-21.065525	0.860372
993442	-21.065702	0.860494
993742	-21.065888	0.860451
994042	-21.066174	0.860305
994342	-21.066391	0.860443
994642	-21.066599	0.860263
994942	-21.066935	0.860625
995242	-21.067162	0.860216
995542	-21.067373	0.860113
995842	-21.067564	0.860295
996142	-21.067831	0.860472
996442	-21.068046	0.860493
996742	-21.068251	0.860593
997042	-21.068467	0.860277
997342	-21.068726	0.860613
997642	-21.068953	0.860812
997942	-21.069204	0.860892
998242	-21.069389	0.860958
998542	-21.069689	0.861161
998842	-21.069948	0.861357
999142	-21.070145	0.861168
999442	-21.070390	0.861260
999742	-21.070634	0.861112
1000042	-21.070789	0.861208
1000342	-21.070977	0.861381
1000642	-21.071273	0.861289
1000942	-21.071467	0.861310
1001242	-21.071668	0.861450
1001542	-21.071943	0.861578
1001842	-21.072195	0.861290
1002142	-21.072352	0.861435
1002442	-21.072553	0.861315
1002742	-21.072810	0.861276
1003042	-21.073050	0.861248
1003342	-21.073259	0.861052
1003642	-21.073450	0.861215
1003942	-21.073628	0.861337
1004242	-21.073906	0.861444
1004542	-21.074280	0.860953
1004842	-21.074555	0.861219
1005142	-21.074823	0.861728
1005442	-21.075066	0.861544
1005742	-21.075232	0.861740
1006042	-21.075534	0.861720
1006342	-21.075749	0.861725
1006642	-21.076086	0.862084
1006942	-21.076350	0.862270
1007242	-21.076516	0.862368
1007542	-21.076724	0.862352
1007842	-21.076924	0.862355
1008142	-21.077186	0.862793
1008442	-21.077403	0.863049
1008742	-21.077607	0.863127
1009042	-21.077811	0.863148
1009342	-21.078107	0.863271
1009642	-21.078365	0.863045
1009942	-21.078604	0.863521
1010242	-21.078901	0.863593
1010542	-21.079113	0.863675
1010842	-21.079291	0.863514
1011142	-21.079554	0.863752
1011442	-21.079730	0.863314
1011742	-21.079885	0.863525
1012042	-21.080087	0.863337
1012342	-21.080289	0.863434
1012642	-21.080441	0.863491
1012942	-21.080653	0.863757
1013242	-21.080822	0.863826
1013542	-21.081039	0.863689
1013842	-21.081285	0.863736
1014142	-21.081530	0.863590
1014442	-21.081709	0.863804
1014742	-21.081850	0.863836
1015042	-21.082106	0.863963
1015342	-21.082309	0.864008
1015642	-21.082538	0.864048
1015942	-21.082713	0.864081
1016242	-21.082860	0.864052
1016542	-21.083075	0.864152
1016842	-21.083312	0.864403
1017142	-21.083522	0.864308
1017442	-21.083735	0.864486
1017742	-21.084019	0.864637
1018042	-21.084337	0.864536
1018342	-21.084649	0.864282
1018642	-21.084843	0.864280
1018942	-21.085063	0.864411
1019242	-21.085297	0.864524
1019542	-21.085483	0.864549
1019842	-21.085660	0.864876
