7801	29.000000	-0.000000
15602	29.000000	-0.000000
23403	29.000000	-0.000000
31204	29.000000	-0.000000
39005	29.000000	0.000000
46806	28.999989	0.000000
54607	28.997687	0.000015
62408	28.988492	0.000082
70209	28.968058	0.000236
78010	28.933791	0.000498
85811	28.884227	0.000881
93612	28.818662	0.001393
101413	28.736912	0.002036
109214	28.639150	0.002810
117015	28.525790	0.003714
124816	28.397402	0.004744
132617	28.254708	0.005897
140418	28.099757	0.007149
148219	27.929060	0.008561
156020	27.748783	0.010047
163821	27.554885	0.011677
171622	27.352375	0.013382
179423	27.138221	0.015215
187224	26.916192	0.017125
195025	26.684620	0.019144
202826	26.445173	0.021252
210627	26.198639	0.023440
218428	25.944562	0.025721
226229	25.683687	0.028087
234030	25.416881	0.030528
241831	25.144529	0.033042
249632	24.867458	0.035620
257433	24.585485	0.038268
265234	24.296755	0.041020
273035	24.005370	0.043813
280836	23.710590	0.046661
288637	23.410981	0.049591
296438	23.108512	0.052573
304239	22.803707	0.055602
312040	22.496310	0.058681
319841	22.185873	0.061825
327642	21.872622	0.065029
335443	21.557857	0.068274
343244	21.241866	0.071558
351045	20.924976	0.074876
358846	20.607424	0.078231
366647	20.286906	0.081660
374448	19.965758	0.085134
382249	19.646187	0.088609
390050	19.326352	0.092119
397851	19.005784	0.095689
405652	18.686052	0.099280
413453	18.367857	0.102888
421254	18.051297	0.106516
429055	17.736931	0.110149
436856	17.423446	0.113834
444657	17.110251	0.117567
452458	16.800882	0.121292
460259	16.495016	0.125016
468060	16.191208	0.128766
475861	15.889454	0.132554
483662	15.590955	0.136347
491463	15.296015	0.140144
499264	15.004514	0.143943
507065	14.716986	0.147741
514866	14.432877	0.151539
522667	14.149107	0.155428
530468	13.869362	0.159296
538269	13.594773	0.163122
546070	13.322526	0.166993
553871	13.052503	0.170870
561672	12.786139	0.174754
569473	12.523428	0.178631
577274	12.264146	0.182480
585075	12.008423	0.186373
592876	11.755180	0.190221
600677	11.503814	0.194181
608478	11.256304	0.198082
616279	11.012770	0.201961
624080	10.772524	0.205896
631881	10.535093	0.209755
639682	10.299947	0.213753
647483	10.067628	0.217669
655284	9.838766	0.221628
663085	9.613126	0.225590
670886	9.390766	0.229486
678687	9.172476	0.233496
686488	8.956951	0.237295
694289	8.741626	0.241430
702090	8.530903	0.245378
709891	8.325023	0.249227
717692	8.121305	0.253296
725493	7.919978	0.257178
733294	7.722425	0.261155
741095	7.528506	0.265137
748896	7.337982	0.268961
756697	7.151027	0.273050
764498	6.966794	0.276770
772299	6.784611	0.280932
780100	6.605685	0.284816
787901	6.430428	0.288749
795702	6.258263	0.292863
803503	6.089001	0.296640
811304	5.922210	0.300947
819105	5.757228	0.304769
826906	5.594823	0.309026
834707	5.435344	0.313145
842508	5.278417	0.317195
850309	5.124082	0.321607
858110	4.972545	0.325435
865911	4.822633	0.330115
873712	4.673566	0.334051
881513	4.527313	0.338448
889314	4.383791	0.342917
897115	4.242004	0.346930
904916	4.101501	0.351682
912717	3.962248	0.355752
920518	3.824501	0.360381
928319	3.688223	0.364755
936120	3.553172	0.369198
943921	3.419266	0.373809
951722	3.286801	0.378015
959523	3.156869	0.382961
967324	3.028593	0.386430
975125	2.897890	0.391540
982926	2.770279	0.395768
990727	2.644984	0.399543
998528	2.518674	0.404307
1006329	2.393308	0.408355
1014130	2.269210	0.412277
1021931	2.145277	0.416757
1029732	2.021424	0.420456
1037533	1.897878	0.424631
1045334	1.774598	0.428493
1053135	1.651377	0.432221
1060936	1.528130	0.436088
1068737	1.405011	0.439330
1076538	1.282375	0.443212
1084339	1.159888	0.445795
1092140	1.036015	0.449577
1099941	0.911911	0.452422
1107742	0.787989	0.455190
1115543	0.663124	0.458328
1123344	0.537037	0.460737
1131145	0.410069	0.463449
1138946	0.282236	0.465904
1146747	0.153392	0.468123
1154548	0.023555	0.470431
1162349	-0.107228	0.472318
1170150	-0.238869	0.474347
1177951	-0.371399	0.475998
1185752	-0.504785	0.477743
1193553	-0.639082	0.479225
1201354	-0.774269	0.480687
1209155	-0.910376	0.481997
1216956	-1.047357	0.483242
1224757	-1.185156	0.484408
1232558	-1.323677	0.485515
1240359	-1.462820	0.486565
1248160	-1.602475	0.487555
1255961	-1.742544	0.488500
1263762	-1.882912	0.489380
1271563	-2.023442	0.490247
1279364	-2.163878	0.491004
1287165	-2.303977	0.491831
1294966	-2.443747	0.492432
1302767	-2.583489	0.493213
1310568	-2.723049	0.493811
1318369	-2.862478	0.494340
1326170	-3.001872	0.494903
1333971	-3.141187	0.495264
1341772	-3.280381	0.495631
1349573	-3.419445	0.495880
1357374	-3.558391	0.496027
1365175	-3.697230	0.496143
1372976	-3.835971	0.496096
1380777	-3.974661	0.496036
1388578	-4.113341	0.495798
1396379	-4.252075	0.495582
1404180	-4.390930	0.495185
1411981	-4.529984	0.494841
1419782	-4.669322	0.494310
1427583	-4.809026	0.493834
1435384	-4.949175	0.493197
1443185	-5.089840	0.492572
1450986	-5.231084	0.491824
1458787	-5.372959	0.491028
1466588	-5.515503	0.490130
1474389	-5.658737	0.489147
1482190	-5.802664	0.488061
1489991	-5.947273	0.486866
1497792	-6.092546	0.485553
1505593	-6.238452	0.484115
1513394	-6.384949	0.482551
1521195	-6.531980	0.480847
1528996	-6.679475	0.479007
1536797	-6.827349	0.476982
1544598	-6.975467	0.474884
1552399	-7.123574	0.472421
1560200	-7.271660	0.470352
1568001	-7.419844	0.467527
1575802	-7.567919	0.465063
1583603	-7.715832	0.462613
1591404	-7.863629	0.459692
1599205	-8.011176	0.457118
1607006	-8.158345	0.454336
1614807	-8.305059	0.451470
1622608	-8.451231	0.448819
1630409	-8.596774	0.445822
1638210	-8.741608	0.443163
1646011	-8.885669	0.440156
1653812	-9.028888	0.437519
1661613	-9.171201	0.434510
1669414	-9.312533	0.431955
1677215	-9.452807	0.428890
1685016	-9.591954	0.426496
1692817	-9.729929	0.423406
1700618	-9.866706	0.421097
1708419	-10.002262	0.418222
1716220	-10.136588	0.415851
1724021	-10.269664	0.413313
1731822	-10.401474	0.410952
1739623	-10.531995	0.408652
1747424	-10.661212	0.406400
1755225	-10.789118	0.404310
1763026	-10.915705	0.402097
1770827	-11.040925	0.400388
1778628	-11.164598	0.397738
1786429	-11.286676	0.397032
1794230	-11.407636	0.393801
1802031	-11.527286	0.392477
1809832	-11.645547	0.390991
1817633	-11.762763	0.388273
1825434	-11.878970	0.387050
1833235	-11.994107	0.384982
1841036	-12.108223	0.382747
1848837	-12.221352	0.381322
1856638	-12.333472	0.378790
1864439	-12.444588	0.377436
1872240	-12.554665	0.374857
1880041	-12.663718	0.373621
1887842	-12.771699	0.370928
1895643	-12.878634	0.369931
1903444	-12.984463	0.367103
1911245	-13.089262	0.366333
1919046	-13.192987	0.363592
1926847	-13.295706	0.362722
1934648	-13.397385	0.360458
1942449	-13.498064	0.359341
1950250	-13.597729	0.357513
1958051	-13.696380	0.356466
1965852	-13.793970	0.354610
1973653	-13.890418	0.354257
1981454	-13.985448	0.351455
1989255	-14.079279	0.352611
1997056	-14.172048	0.349525
2004857	-14.263624	0.349352
2012658	-14.353915	0.348994
2020459	-14.443093	0.346895
2028260	-14.531222	0.347440
2036061	-14.618196	0.345945
2043862	-14.704020	0.345687
2051663	-14.788696	0.345268
2059464	-14.872213	0.344456
2067265	-14.954530	0.344752
2075066	-15.035500	0.343276
2082867	-15.115025	0.344903
2090668	-15.193033	0.342210
2098469	-15.270002	0.344418
2106270	-15.345600	0.343230
2114071	-15.419799	0.342866
2121872	-15.492802	0.344227
2129673	-15.564613	0.342896
2137474	-15.635261	0.344425
2145275	-15.704700	0.343803
2153076	-15.772996	0.344737
2160877	-15.840157	0.344844
2168678	-15.906208	0.345653
2176479	-15.971091	0.345734
2184280	-16.034751	0.347117
2192081	-16.096928	0.346232
2199882	-16.157934	0.349241
2207683	-16.217589	0.347004
2215484	-16.276170	0.350049
2223285	-16.333791	0.349926
2231086	-16.390273	0.349863
2238887	-16.445878	0.352125
2246688	-16.500737	0.351326
2254489	-16.554813	0.353333
2262290	-16.608032	0.353509
2270091	-16.660525	0.354883
2277892	-16.712286	0.355148
2285693	-16.763302	0.357031
2293494	-16.813405	0.356411
2301295	-16.862455	0.359702
2309096	-16.910357	0.357358
2316897	-16.957982	0.361262
2324698	-17.004829	0.360672
2332499	-17.050760	0.361126
2340300	-17.096085	0.363390
2348101	-17.140860	0.362354
2355902	-17.185136	0.364847
2363703	-17.228825	0.364250
2371504	-17.271974	0.365980
2379305	-17.314606	0.365980
2387106	-17.356738	0.367273
2394907	-17.398365	0.367200
2402708	-17.439442	0.368843
2410509	-17.479754	0.367561
2418310	-17.519002	0.371205
2426111	-17.557479	0.367505
2433912	-17.596388	0.371111
2441713	-17.634156	0.370972
2449514	-17.671144	0.369788
2457315	-17.708103	0.372527
2465116	-17.744712	0.371376
2472917	-17.780906	0.372474
2480718	-17.816802	0.373070
2488519	-17.852355	0.372775
2496320	-17.887520	0.374408
2504121	-17.922116	0.372737
2511922	-17.955926	0.376107
2519723	-17.989171	0.372582
2527524	-18.022633	0.375905
2535325	-18.055518	0.374970
2543126	-18.087678	0.374388
2550927	-18.119535	0.376627
2558728	-18.151189	0.374582
2566529	-18.182641	0.376933
2574330	-18.213807	0.375520
2582131	-18.244710	0.376736
2589932	-18.275375	0.376288
2597733	-18.305839	0.376958
2605534	-18.336097	0.376461
2613335	-18.366045	0.377693
2621136	-18.395358	0.375791
2628937	-18.423611	0.379612
2636738	-18.451063	0.374912
2644539	-18.479796	0.378532
2652340	-18.507559	0.378600
2660141	-18.534057	0.376320
2667942	-18.561420	0.378972
2675743	-18.588453	0.378544
2683544	-18.614940	0.377642
2691345	-18.641532	0.379765
2699146	-18.668126	0.378081
2706947	-18.694618	0.379744
2714748	-18.720991	0.378912
2722549	-18.747258	0.379615
2730350	-18.773407	0.379412
2738151	-18.799498	0.379838
2745952	-18.825501	0.379637
2753753	-18.851334	0.379796
2761554	-18.876842	0.380438
2769355	-18.901225	0.378426
2777156	-18.924134	0.383508
2784957	-18.949456	0.378309
2792758	-18.973840	0.379926
2800559	-18.996527	0.382633
2808360	-19.020615	0.379875
2816161	-19.044016	0.380274
2823962	-19.067041	0.382182
2831763	-19.090539	0.380286
2839564	-19.114024	0.381440
2847365	-19.137362	0.381553
2855166	-19.160679	0.380737
2862967	-19.183918	0.382393
2870768	-19.206858	0.380194
2878569	-19.229400	0.383433
2886370	-19.252125	0.380093
2894171	-19.275249	0.382763
2901972	-19.297913	0.381924
2909773	-19.320227	0.381229
2917574	-19.342510	0.382910
2925375	-19.364734	0.380803
2933176	-19.386860	0.383338
2940977	-19.408923	0.380958
2948778	-19.431089	0.383111
2956579	-19.453093	0.381489
2964380	-19.474934	0.382437
2972181	-19.496820	0.381987
2979982	-19.518736	0.382294
2987783	-19.540665	0.382074
2995584	-19.562556	0.382529
3003385	-19.583986	0.381625
3011186	-19.604285	0.384295
3018987	-19.625691	0.380876
3026788	-19.646882	0.383903
3034589	-19.666614	0.382520
3042390	-19.688219	0.382600
3050191	-19.708204	0.383336
3057992	-19.728698	0.382459
3065793	-19.749348	0.382804
3073594	-19.769676	0.383265
3081395	-19.790319	0.382488
3089196	-19.810955	0.383454
3096997	-19.831403	0.382054
3104798	-19.851450	0.384468
3112599	-19.871049	0.380874
3120400	-19.891268	0.384672
3128202	-19.891268	0.384672
3136003	-19.891268	0.384672
3143804	-19.919761	0.384561
3151605	-19.925278	0.389781
3159406	-19.953158	0.385333
3167207	-19.968936	0.380402
3175008	-19.988393	0.381304
3182809	-20.008934	0.385127
3190610	-20.026286	0.385996
3198411	-20.046688	0.383433
3206212	-20.064619	0.382328
3214013	-20.084380	0.383973
3221814	-20.102924	0.384534
3229615	-20.122332	0.383045
3237416	-20.141324	0.383115
3245217	-20.160620	0.383987
3253018	-20.179947	0.383087
3260819	-20.199325	0.383209
3268620	-20.218840	0.383527
3276421	-20.238410	0.382802
3284222	-20.258068	0.383580
3292023	-20.277772	0.382725
3299824	-20.297348	0.383902
3307625	-20.316105	0.381633
3315426	-20.334143	0.386034
3323227	-20.353291	0.381116
3331028	-20.373047	0.383694
3338829	-20.390996	0.385041
3346630	-20.409462	0.382073
3354431	-20.428306	0.383936
3362232	-20.446769	0.384281
3370033	-20.465250	0.382815
3377834	-20.483734	0.384758
3385635	-20.502244	0.382977
3393436	-20.520819	0.384844
3401237	-20.539289	0.382884
3409038	-20.557729	0.385378
3416839	-20.576087	0.382668
3424640	-20.594468	0.385408
3432441	-20.612780	0.383287
3440242	-20.631049	0.385174
3448043	-20.649274	0.383501
3455844	-20.667456	0.385481
3463645	-20.685465	0.383037
3471446	-20.703438	0.385883
3479247	-20.721219	0.382925
3487048	-20.738811	0.385958
3494849	-20.756659	0.383693
3502650	-20.774665	0.385483
3510451	-20.792310	0.384501
3518252	-20.809921	0.384777
3526053	-20.827475	0.385103
3533854	-20.844943	0.384324
3541655	-20.862365	0.385869
3549456	-20.879769	0.384098
3557257	-20.897110	0.386481
3565058	-20.914222	0.383688
3572859	-20.931031	0.386998
3580660	-20.947866	0.383650
3588461	-20.965368	0.385979
3596262	-20.982339	0.385015
3604063	-20.999062	0.384897
3611864	-21.016136	0.385478
3619665	-21.033159	0.385396
3627466	-21.049848	0.384193
3635267	-21.065320	0.387895
3643068	-21.080809	0.382665
3650869	-21.098687	0.386787
3658670	-21.114675	0.386459
3666471	-21.130520	0.384331
3674272	-21.146788	0.386368
3682073	-21.162803	0.385824
3689874	-21.178870	0.385468
3697675	-21.194872	0.386207
3705476	-21.210936	0.385245
3713277	-21.226963	0.386832
3721078	-21.242591	0.384029
3728879	-21.257911	0.387956
3736680	-21.273349	0.383613
3744481	-21.289343	0.386964
3752282	-21.305254	0.386035
3760083	-21.320587	0.385315
3767884	-21.335771	0.386990
3775685	-21.351061	0.385004
3783486	-21.366394	0.387814
3791287	-21.381767	0.385275
3799088	-21.397086	0.387622
3806889	-21.412279	0.385780
3814690	-21.427434	0.387801
3822491	-21.442353	0.385531
3830292	-21.457303	0.388542
3838093	-21.471845	0.385177
3845894	-21.486064	0.388908
3853695	-21.501332	0.386881
3861496	-21.516414	0.387760
3869297	-21.530553	0.388466
3877098	-21.545029	0.386975
3884899	-21.559700	0.389460
3892700	-21.574234	0.387208
3900501	-21.588438	0.389545
3908302	-21.602197	0.387321
3916103	-21.616934	0.389873
3923904	-21.630869	0.387332
3931705	-21.643869	0.390964
3939506	-21.658210	0.388026
3947307	-21.672830	0.390125
3955108	-21.686237	0.389916
3962909	-21.699880	0.389488
3970710	-21.713913	0.390765
3978511	-21.727639	0.389362
3986312	-21.741217	0.391668
3994113	-21.754946	0.389384
4001914	-21.768720	0.391846
4009715	-21.781691	0.389250
4017516	-21.793691	0.393883
4025317	-21.807809	0.389327
4033118	-21.821945	0.392146
4040919	-21.834248	0.392988
4048720	-21.847364	0.390930
4056521	-21.860878	0.392779
4064322	-21.873844	0.392593
4072123	-21.886642	0.391937
4079924	-21.899537	0.393826
4087725	-21.912502	0.391919
4095526	-21.925443	0.394425
4103327	-21.938337	0.392363
4111128	-21.951112	0.395014
4118929	-21.963350	0.392224
4126730	-21.975491	0.396466
4134531	-21.988318	0.392529
4142332	-22.000960	0.395639
4150133	-22.013352	0.394970
4157934	-22.025621	0.394592
4165735	-22.037796	0.396278
4173536	-22.050111	0.394460
4181337	-22.062050	0.396890
4189138	-22.072915	0.394086
4196939	-22.083512	0.399722
4204740	-22.096350	0.394667
4212541	-22.108473	0.396892
4220342	-22.119292	0.399222
4228143	-22.131134	0.396504
4235944	-22.142621	0.397743
4243745	-22.153731	0.399200
4251546	-22.165023	0.397528
4259347	-22.176580	0.399182
4267148	-22.188063	0.399008
4274949	-22.199459	0.398986
4282750	-22.210877	0.400051
4290551	-22.222161	0.399096
4298352	-22.232877	0.401743
4306153	-22.242512	0.398280
4313954	-22.254063	0.403188
4321755	-22.266127	0.401256
4329556	-22.276057	0.400726
4337357	-22.286414	0.402617
4345158	-22.297475	0.402939
4352959	-22.308013	0.401246
4360760	-22.317965	0.404854
4368561	-22.328345	0.401424
4376362	-22.339005	0.405099
4384163	-22.349323	0.403342
4391964	-22.359784	0.404672
4399765	-22.370175	0.404706
4407566	-22.380266	0.404575
4415367	-22.389956	0.406676
4423168	-22.398958	0.403224
4430969	-22.409192	0.409080
4438770	-22.420160	0.405424
4446571	-22.429594	0.406480
4454372	-22.439077	0.408380
4462173	-22.449018	0.406705
4469974	-22.458879	0.408515
4477775	-22.468630	0.408107
4485576	-22.478331	0.408827
4493377	-22.488009	0.409269
4501178	-22.497492	0.408621
4508979	-22.506184	0.412260
4516780	-22.514457	0.406856
4524581	-22.524780	0.413478
4532382	-22.533907	0.411318
4540183	-22.542832	0.410303
4547984	-22.552016	0.413606
4555785	-22.561183	0.411876
4563586	-22.570158	0.412478
4571387	-22.578737	0.414329
4579188	-22.587537	0.412134
4586989	-22.596441	0.415955
4594790	-22.605447	0.413012
4602591	-22.614460	0.416159
4610392	-22.623313	0.414570
4618193	-22.632051	0.416779
4625994	-22.640626	0.414754
4633795	-22.648992	0.419178
4641596	-22.656993	0.414039
4649397	-22.665865	0.419942
4657198	-22.675006	0.417589
4664999	-22.683413	0.417358
4672800	-22.691459	0.420762
4680601	-22.699740	0.417681
4688402	-22.708108	0.421078
4696203	-22.716031	0.419039
4704004	-22.724112	0.422034
4711805	-22.732727	0.420224
4719606	-22.741056	0.422483
4727407	-22.749147	0.421736
4735208	-22.757279	0.422452
4743009	-22.765366	0.423823
4750810	-22.773061	0.421507
4758611	-22.780186	0.427456
4766412	-22.786928	0.420905
4774213	-22.795401	0.426320
4782014	-22.803893	0.427208
4789815	-22.810726	0.424162
4797616	-22.818463	0.427311
4805417	-22.826415	0.426993
4813218	-22.833603	0.426633
4821019	-22.840960	0.429185
4828820	-22.848554	0.426646
4836621	-22.856190	0.430140
4844422	-22.863681	0.428103
4852223	-22.870842	0.430976
4860024	-22.878066	0.428881
4867825	-22.885902	0.432165
4875626	-22.892971	0.429321
4883427	-22.898683	0.434549
4891228	-22.905478	0.429956
4899029	-22.914318	0.433411
4906830	-22.920651	0.434847
4914631	-22.927476	0.432335
4922432	-22.935122	0.435137
4930233	-22.941816	0.434882
4938034	-22.948572	0.434444
4945835	-22.955643	0.436638
4953636	-22.962725	0.435013
4961437	-22.969734	0.437729
4969238	-22.976591	0.435881
4977039	-22.983301	0.439366
4984840	-22.989399	0.435269
4992641	-22.995121	0.442136
5000442	-23.002939	0.437200
5008243	-23.010193	0.439358
5016044	-23.015901	0.441804
5023845	-23.022490	0.439146
5031646	-23.029668	0.441564
5039447	-23.036209	0.442137
5047248	-23.042438	0.440461
5055049	-23.048666	0.444747
5062850	-23.054862	0.440182
5070651	-23.061341	0.446063
5078452	-23.068315	0.442632
5086253	-23.074937	0.444123
5094054	-23.081051	0.446335
5101855	-23.086850	0.442759
5109656	-23.092450	0.449080
5117457	-23.098738	0.444180
5125258	-23.105839	0.447181
5133059	-23.111942	0.448681
5140860	-23.117474	0.446235
5148661	-23.123836	0.449775
5156462	-23.130376	0.448052
5164263	-23.136503	0.449085
5172064	-23.142478	0.450595
5179865	-23.148352	0.448679
5187666	-23.154028	0.453061
5195467	-23.159746	0.448598
5203268	-23.165921	0.453833
5211069	-23.172063	0.452105
5218870	-23.178100	0.451937
5226671	-23.184078	0.454511
5234472	-23.189563	0.451919
5242273	-23.194909	0.456565
5250074	-23.200742	0.451849
5257875	-23.206975	0.457174
5265676	-23.212969	0.454733
5273477	-23.218654	0.455813
5281278	-23.224112	0.457548
5289079	-23.229278	0.455242
5296880	-23.234298	0.459833
5304681	-23.240592	0.456423
5312482	-23.246851	0.459106
5320283	-23.252007	0.459492
5328084	-23.257446	0.458361
5335885	-23.263194	0.461155
5343686	-23.268845	0.459072
5351487	-23.274404	0.461752
5359288	-23.280100	0.460504
5367089	-23.285837	0.462413
5374890	-23.291363	0.461125
5382691	-23.296199	0.465201
5390492	-23.299277	0.458282
5398293	-23.305681	0.467815
5406094	-23.312604	0.464751
5413895	-23.316577	0.461725
5421696	-23.322427	0.467138
5429497	-23.328011	0.466196
5437298	-23.332715	0.464047
5445099	-23.338069	0.468114
5452900	-23.343614	0.466292
5460701	-23.348713	0.466684
5468502	-23.353604	0.469288
5476303	-23.358820	0.466058
5484104	-23.364042	0.470761
5491905	-23.369042	0.467089
5499706	-23.373743	0.471537
5507507	-23.378714	0.468363
5515308	-23.384380	0.471324
5523109	-23.389726	0.470530
5530910	-23.394592	0.471383
5538711	-23.399486	0.472456
5546512	-23.404345	0.470206
5554313	-23.408995	0.475281
5562114	-23.413998	0.470767
5569915	-23.419364	0.474763
5577716	-23.424497	0.473440
5585517	-23.429439	0.474856
5593318	-23.434426	0.474103
5601119	-23.439396	0.476753
5608920	-23.444068	0.473483
5616721	-23.448753	0.478969
5624522	-23.453000	0.473650
5632323	-23.456725	0.480135
5640124	-23.462955	0.476554
5647925	-23.467923	0.477335
5655726	-23.471831	0.480786
5663527	-23.477036	0.477117
5671328	-23.481745	0.480712
5679129	-23.486205	0.479872
5686930	-23.491020	0.479491
5694731	-23.495727	0.482675
5702532	-23.499989	0.478827
5710333	-23.504222	0.484575
5718134	-23.508834	0.480103
5725935	-23.513891	0.483723
5733736	-23.518806	0.483766
5741537	-23.523228	0.482349
5749338	-23.527330	0.486325
5757139	-23.531431	0.481483
5764940	-23.536119	0.488098
5772741	-23.541217	0.483994
5780542	-23.545921	0.485880
5788343	-23.550265	0.487790
5796144	-23.554547	0.484961
5803945	-23.558662	0.489821
5811746	-23.562687	0.485104
5819547	-23.567657	0.490740
5827348	-23.572640	0.487886
5835149	-23.576950	0.488941
5842950	-23.580949	0.491515
5850751	-23.584549	0.487450
5858552	-23.588872	0.492775
5866353	-23.594092	0.490530
5874154	-23.598244	0.490837
5881955	-23.602413	0.493528
5889756	-23.606583	0.490447
5897557	-23.610260	0.495585
5905358	-23.614361	0.490400
5913159	-23.619269	0.496205
5920960	-23.623703	0.494065
5928761	-23.627683	0.493819
5936562	-23.631515	0.497248
5944363	-23.635468	0.493551
5952164	-23.639762	0.497627
5959965	-23.644017	0.496624
5967766	-23.648318	0.495780
5975567	-23.652407	0.499636
5983368	-23.655941	0.495332
5991169	-23.659691	0.501259
5998970	-23.663743	0.496756
6006771	-23.668267	0.500036
6014572	-23.672559	0.500861
6022373	-23.676201	0.498625
6030174	-23.679770	0.502973
6037975	-23.683798	0.498495
6045776	-23.687917	0.503904
6053577	-23.692038	0.500975
6061378	-23.696320	0.502635
6069179	-23.700270	0.503822
6076980	-23.703832	0.501384
6084781	-23.706675	0.507445
6092582	-23.710075	0.500798
6100383	-23.715213	0.505936
6108184	-23.718841	0.507615
6115985	-23.722038	0.502435
6123786	-23.726433	0.508114
6131587	-23.730475	0.506912
6139388	-23.733895	0.505146
6147189	-23.737465	0.510034
6154990	-23.741312	0.505801
6162791	-23.745278	0.509512
6170592	-23.749007	0.508378
6178393	-23.752597	0.509300
6186194	-23.756177	0.509331
6193995	-23.759353	0.511493
6201796	-23.762963	0.507993
6209597	-23.766756	0.513591
6217398	-23.770414	0.509530
6225199	-23.774598	0.512814
6233000	-23.778186	0.512343
6240801	-23.781628	0.511780
6248603	-23.781628	0.511780
6256404	-23.781628	0.511780
6264205	-23.785597	0.510425
6272006	-23.785597	0.510425
6279807	-23.789256	0.511986
6287608	-23.790885	0.519686
6295409	-23.793390	0.518412
6303210	-23.799784	0.513107
6311011	-23.800826	0.512615
6318812	-23.805727	0.516503
6326613	-23.808248	0.518758
6334414	-23.811964	0.516416
6342215	-23.815031	0.515652
6350016	-23.818524	0.518177
6357817	-23.821750	0.518809
6365618	-23.825230	0.517245
6373419	-23.828613	0.518779
6381220	-23.831821	0.519366
6389021	-23.835376	0.519397
6396822	-23.839097	0.519351
6404623	-23.842574	0.520835
6412424	-23.846039	0.519772
6420225	-23.849357	0.521379
6428026	-23.852017	0.522656
6435827	-23.853643	0.517548
6443628	-23.858051	0.525708
6451429	-23.862777	0.522917
6459230	-23.864860	0.520379
6467031	-23.868878	0.524578
6474832	-23.872234	0.524643
6482633	-23.875013	0.521723
6490434	-23.878560	0.526315
6498235	-23.882057	0.523980
6506036	-23.885314	0.525056
6513837	-23.888626	0.525973
6521638	-23.891690	0.524871
6529439	-23.894227	0.528270
6537240	-23.897351	0.523923
6545041	-23.901497	0.529289
6552842	-23.904777	0.526509
6560643	-23.907983	0.527616
6568444	-23.911140	0.528951
6576245	-23.913973	0.527675
6584046	-23.917181	0.530008
6591847	-23.920694	0.527577
6599648	-23.923465	0.532238
6607449	-23.926544	0.527313
6615250	-23.930191	0.532424
6623051	-23.933439	0.529421
6630852	-23.936630	0.531674
6638653	-23.939812	0.531765
6646454	-23.942619	0.530902
6654255	-23.945154	0.534434
6662056	-23.947979	0.529365
6669857	-23.951941	0.535543
6677658	-23.955373	0.532935
6685459	-23.958026	0.532542
6693260	-23.960775	0.535580
6701061	-23.964023	0.533471
6708862	-23.967657	0.534969
6716663	-23.970821	0.535727
6724464	-23.973818	0.534224
6732265	-23.976550	0.538387
6740066	-23.978659	0.532562
6747867	-23.981772	0.540138
6755668	-23.985829	0.535909
6763469	-23.988678	0.536074
6771270	-23.991102	0.540004
6779071	-23.994366	0.536781
6786872	-23.997759	0.538518
6794673	-24.000766	0.539968
6802474	-24.003598	0.537707
6810275	-24.006412	0.541870
6818076	-24.009284	0.537677
6825877	-24.012465	0.542437
6833678	-24.015854	0.539488
6841479	-24.019057	0.541879
6849280	-24.022004	0.541125
6857081	-24.024926	0.542594
6864882	-24.027744	0.541517
6872683	-24.030971	0.543320
6880484	-24.034173	0.543514
6888285	-24.035800	0.541008
6896086	-24.037314	0.548518
6903887	-24.041922	0.541417
6911688	-24.045242	0.543412
6919489	-24.047397	0.547301
6927290	-24.050640	0.544243
6935091	-24.053816	0.544529
6942892	-24.056328	0.547667
6950693	-24.058946	0.544884
6958494	-24.061872	0.547899
6966295	-24.064964	0.546090
6974096	-24.068022	0.548290
6981897	-24.070911	0.547168
6989698	-24.073591	0.549127
6997499	-24.076078	0.547796
7005300	-24.078838	0.549357
7013101	-24.081782	0.551063
7020902	-24.083319	0.545782
7028703	-24.085897	0.553624
7036504	-24.090245	0.549682
7044305	-24.092495	0.549097
7052106	-24.095156	0.553180
7059907	-24.098145	0.550613
7067708	-24.101002	0.551566
7075509	-24.103851	0.553403
7083310	-24.106530	0.551435
7091111	-24.108958	0.554812
7098912	-24.111416	0.551118
7106713	-24.114285	0.556565
7114514	-24.117346	0.551966
7122315	-24.120320	0.555671
7130116	-24.122901	0.555061
7137917	-24.125338	0.554398
7145718	-24.127716	0.557665
7153519	-24.130249	0.553708
7161320	-24.133607	0.558594
7169121	-24.136686	0.556275
7176922	-24.139032	0.556568
7184723	-24.141480	0.558924
7192524	-24.144048	0.556206
7200325	-24.146766	0.560106
7208126	-24.149648	0.557130
7215927	-24.152481	0.560074
7223728	-24.155342	0.558552
7231529	-24.157996	0.561266
7239330	-24.160418	0.558164
7247131	-24.162861	0.563226
7254932	-24.165452	0.558630
7262733	-24.168041	0.563538
7270534	-24.169768	0.559963
7278335	-24.172762	0.563111
7286136	-24.176165	0.562352
7293937	-24.178531	0.562430
7301738	-24.180797	0.564095
7309539	-24.183364	0.561708
7317340	-24.186097	0.565951
7325141	-24.188672	0.562581
7332942	-24.191210	0.565901
7340743	-24.193863	0.563620
7348544	-24.196572	0.566948
7356345	-24.198844	0.563676
7364146	-24.200465	0.568835
7371947	-24.202677	0.564136
7379748	-24.206552	0.567604
7387549	-24.209268	0.568067
7395350	-24.211220	0.565803
7403151	-24.213799	0.569958
7410952	-24.216622	0.566635
7418753	-24.219224	0.569878
7426554	-24.221737	0.568446
7434355	-24.224369	0.569537
7442156	-24.226851	0.570328
7449957	-24.229118	0.568878
7457758	-24.230944	0.572977
7465559	-24.232437	0.567757
7473360	-24.236207	0.573220
7481161	-24.239117	0.571832
7488962	-24.240907	0.570205
7496763	-24.243604	0.573857
7504564	-24.246520	0.572312
7512365	-24.248906	0.572186
7520166	-24.251135	0.575089
7527967	-24.253364	0.571314
7535768	-24.255501	0.577004
7543569	-24.257835	0.572214
7551370	-24.260781	0.575674
7559171	-24.263509	0.575567
7566972	-24.265418	0.573959
7574773	-24.267181	0.578493
7582574	-24.269517	0.573764
7590375	-24.272414	0.578023
7598176	-24.275114	0.577131
7605977	-24.277450	0.576173
7613778	-24.279613	0.579352
7621579	-24.281877	0.575787
7629380	-24.284329	0.580472
7637181	-24.286849	0.577426
7644982	-24.289319	0.579851
7652783	-24.291597	0.578843
7660584	-24.293724	0.580317
7668385	-24.295788	0.579263
7676186	-24.297634	0.582412
7683987	-24.300079	0.578032
7691788	-24.303002	0.583150
7699589	-24.305180	0.580666
7707390	-24.307603	0.581192
7715191	-24.309752	0.583463
7722992	-24.311574	0.580423
7730793	-24.313703	0.585099
7738594	-24.316234	0.580970
7746395	-24.318937	0.584618
7754196	-24.321350	0.583730
7761997	-24.323463	0.583710
7769798	-24.325309	0.585653
7777599	-24.326845	0.582928
7785400	-24.328980	0.587426
7793201	-24.332417	0.584245
7801002	-24.334731	0.585718
7808803	-24.336430	0.586729
7816604	-24.338676	0.586191
7824405	-24.341071	0.587020
7832206	-24.343605	0.586869
7840007	-24.345775	0.588944
7847808	-24.347058	0.584701
7855609	-24.348762	0.592123
7863410	-24.351445	0.586749
7871211	-24.353607	0.588813
7879012	-24.356376	0.590019
7886813	-24.358298	0.588800
7894614	-24.360155	0.590571
7902415	-24.362685	0.589225
7910216	-24.364661	0.592275
7918017	-24.366426	0.588722
7925818	-24.368543	0.593528
7933619	-24.370578	0.590100
7941420	-24.372880	0.592580
7949221	-24.375543	0.592467
7957022	-24.377645	0.591772
7964823	-24.379377	0.594548
7972624	-24.380975	0.590583
7980425	-24.382723	0.597234
7988226	-24.385448	0.592084
7996027	-24.388124	0.594205
8003828	-24.389943	0.596301
8011629	-24.391682	0.593120
8019430	-24.393867	0.597171
8027231	-24.396263	0.594744
8035032	-24.398263	0.596897
8042833	-24.399602	0.595829
8050634	-24.401278	0.597898
8058435	-24.403788	0.595684
8066236	-24.406026	0.599066
8074037	-24.408069	0.596542
8081838	-24.410214	0.598755
8089639	-24.412425	0.598618
8097440	-24.414437	0.597545
8105241	-24.416105	0.601099
8113042	-24.417130	0.596206
8120843	-24.418293	0.603371
8128644	-24.421593	0.598618
8136445	-24.423532	0.598545
8144246	-24.425170	0.603497
8152047	-24.427764	0.599791
8159848	-24.429752	0.600400
8167649	-24.431471	0.603404
8175450	-24.433390	0.600490
8183251	-24.435506	0.603258
8191052	-24.437635	0.602055
8198853	-24.439522	0.603839
8206654	-24.440696	0.602063
8214455	-24.441720	0.605397
8222256	-24.444577	0.602467
8230057	-24.447090	0.605238
8237858	-24.448652	0.603801
8245659	-24.450653	0.605016
8253460	-24.452762	0.605560
8261261	-24.454573	0.604183
8269062	-24.456241	0.607906
8276863	-24.457665	0.603415
8284664	-24.459152	0.609084
8292465	-24.461201	0.604667
8300266	-24.463742	0.607503
8308067	-24.465555	0.608429
8315868	-24.467299	0.605792
8323669	-24.469120	0.609824
8331470	-24.470970	0.606828
8339271	-24.473050	0.609769
8347072	-24.475007	0.608390
8354873	-24.476805	0.609506
8362674	-24.478534	0.610013
8370475	-24.480447	0.609238
8378276	-24.482429	0.610872
8386077	-24.484249	0.610796
8393878	-24.485991	0.609037
8401679	-24.486545	0.615056
8409480	-24.487652	0.607840
8417281	-24.491441	0.612596
8425082	-24.492815	0.613982
8432883	-24.494262	0.610034
8440684	-24.496786	0.613342
8448485	-24.498424	0.614341
8456286	-24.499911	0.611269
8464087	-24.501922	0.615367
8471888	-24.504010	0.613402
8479689	-24.505777	0.613944
8487490	-24.507063	0.615647
8495291	-24.507930	0.613448
8503092	-24.510364	0.616117
8510893	-24.512972	0.616104
8518694	-24.514016	0.614002
8526495	-24.515362	0.619113
8534296	-24.516267	0.613557
8542097	-24.517990	0.618362
8549898	-24.520942	0.617552
8557699	-24.522182	0.615257
8565500	-24.523565	0.618943
8573301	-24.525893	0.617596
8581102	-24.527621	0.617395
8588903	-24.529083	0.619536
8596704	-24.530684	0.616973
8604505	-24.532298	0.621170
8612306	-24.534010	0.617205
8620107	-24.535983	0.621158
8627908	-24.537904	0.619185
8635709	-24.539620	0.620469
8643510	-24.541185	0.620693
8651311	-24.542731	0.620291
8659112	-24.543188	0.623070
8666913	-24.544443	0.618831
8674714	-24.547378	0.623915
8682515	-24.548859	0.621317
8690316	-24.550700	0.621429
8698117	-24.552146	0.624023
8705918	-24.553926	0.621701
8713719	-24.555833	0.622934
8721520	-24.557308	0.624084
8729321	-24.558855	0.622581
8737122	-24.560469	0.625341
8744923	-24.561301	0.621969
8752724	-24.562233	0.627162
8760525	-24.564993	0.623208
8768326	-24.567124	0.624731
8776127	-24.568180	0.626587
8783928	-24.569832	0.624323
8791729	-24.571778	0.626934
8799530	-24.573341	0.625207
8807331	-24.574832	0.627312
8815132	-24.576655	0.626169
8822933	-24.578527	0.627656
8830734	-24.579972	0.626114
8838535	-24.580551	0.630219
8846336	-24.580551	0.630219
8854137	-24.583578	0.630973
8861938	-24.586032	0.629460
8869739	-24.586531	0.625983
8877540	-24.588830	0.630457
8885341	-24.590645	0.630094
8893142	-24.591685	0.627820
8900943	-24.593334	0.631472
8908744	-24.595262	0.629446
8916545	-24.596929	0.630435
8924346	-24.598374	0.631300
8932147	-24.599522	0.630508
8939948	-24.600202	0.631931
8947749	-24.601750	0.632130
8955550	-24.603329	0.629254
8963351	-24.604298	0.635727
8971152	-24.607103	0.631558
8978953	-24.608266	0.630898
8986754	-24.609415	0.635014
8994555	-24.611210	0.632151
9002356	-24.612688	0.633176
9010157	-24.614239	0.634103
9017958	-24.615951	0.633986
9025759	-24.617505	0.633836
9033560	-24.618950	0.635344
9041361	-24.620119	0.633202
9049162	-24.620119	0.633202
9056963	-24.620644	0.632237
9064764	-24.624517	0.635954
9072565	-24.625360	0.638407
9080366	-24.626597	0.633967
9088167	-24.628977	0.636385
9095968	-24.629891	0.638117
9103769	-24.631036	0.635467
9111570	-24.633023	0.637554
9119371	-24.634608	0.638053
9127172	-24.635759	0.635972
9134973	-24.636554	0.640544
9142774	-24.637606	0.635627
9150575	-24.639663	0.639732
9158376	-24.641775	0.638928
9166177	-24.642826	0.637759
9173978	-24.644058	0.640689
9181779	-24.645856	0.638372
9189580	-24.647273	0.640875
9197381	-24.647763	0.638560
9205182	-24.647763	0.638560
9212983	-24.650696	0.639546
9220784	-24.652545	0.641036
9228585	-24.653394	0.641049
9236386	-24.655284	0.640778
9244187	-24.656501	0.642522
9251988	-24.657802	0.640364
9259789	-24.659397	0.643178
9267590	-24.660635	0.641046
9275391	-24.661495	0.644218
9283192	-24.662181	0.639996
9290993	-24.663954	0.645591
9298794	-24.666227	0.642610
9306595	-24.667450	0.642257
9314396	-24.668305	0.645799
9322197	-24.669723	0.642198
9329998	-24.671552	0.645369
9337799	-24.673091	0.644401
9345600	-24.674273	0.644672
9353401	-24.675062	0.645549
9361202	-24.675565	0.644395
9369004	-24.675565	0.644395
9376805	-24.675565	0.644395
9384606	-24.677530	0.643853
9392407	-24.677530	0.643853
9400208	-24.677724	0.646491
9408009	-24.677978	0.647938
9415810	-24.678736	0.645992
9423611	-24.682245	0.645250
9431412	-24.682245	0.645250
9439213	-24.684436	0.647445
9447014	-24.684654	0.646290
9454815	-24.686594	0.646833
9462616	-24.687274	0.647940
9470417	-24.688902	0.647572
9478218	-24.689851	0.647565
9486019	-24.691253	0.647869
9493820	-24.692559	0.649045
9501621	-24.693659	0.647083
9509422	-24.694567	0.651046
9517223	-24.694837	0.646400
9525024	-24.695982	0.651739
9532825	-24.698481	0.648769
9540626	-24.699692	0.648671
9548427	-24.700525	0.652239
9556228	-24.702149	0.648699
9564029	-24.703771	0.650850
9571830	-24.704981	0.651567
9579631	-24.706114	0.649764
9587432	-24.707039	0.653088
9595233	-24.707714	0.649774
9603034	-24.709155	0.653254
9610835	-24.711148	0.652498
9618636	-24.712202	0.650426
9626437	-24.713007	0.654969
9634238	-24.714422	0.651414
9642039	-24.715991	0.653499
9649840	-24.717455	0.653810
9657641	-24.718718	0.652519
9665442	-24.719618	0.655528
9673243	-24.720472	0.651957
9681044	-24.721722	0.656598
9688845	-24.723449	0.653452
9696646	-24.725063	0.654775
9704447	-24.726180	0.656166
9712248	-24.726815	0.653731
9720049	-24.727782	0.657591
9727850	-24.729380	0.654024
9735651	-24.730864	0.657198
9743452	-24.732014	0.656210
9751253	-24.733302	0.656366
9759054	-24.734345	0.657170
9766855	-24.735446	0.657825
9774656	-24.736627	0.655855
9782457	-24.736911	0.660763
9790258	-24.738428	0.655593
9798059	-24.740474	0.658884
9805860	-24.741567	0.659504
9813661	-24.742457	0.657232
9821462	-24.743498	0.660527
9829263	-24.744736	0.658528
9837064	-24.746055	0.659895
9844865	-24.747133	0.660056
9852666	-24.748364	0.659325
9860467	-24.749590	0.661609
9868268	-24.750464	0.658911
9876069	-24.750979	0.662963
9883870	-24.751779	0.658715
9891671	-24.753764	0.662724
9899472	-24.755380	0.662344
9907273	-24.756031	0.659984
9915074	-24.757072	0.663922
9922875	-24.758550	0.661258
9930676	-24.759887	0.662990
9938477	-24.761004	0.663082
9946278	-24.761912	0.662763
9954079	-24.762288	0.664585
9961880	-24.763365	0.662235
9969681	-24.765124	0.665129
9977482	-24.766125	0.662946
9985283	-24.767448	0.665598
9993084	-24.768481	0.663906
10000885	-24.769733	0.665341
10008686	-24.771157	0.664983
10016487	-24.772101	0.665797
10024288	-24.772912	0.664772
10032089	-24.772912	0.664772
10039890	-24.773173	0.662891
10047691	-24.776261	0.667960
10055492	-24.776998	0.668067
10063293	-24.777717	0.665267
10071094	-24.779564	0.667967
10078895	-24.780595	0.668009
10086696	-24.781432	0.666589
10094497	-24.782519	0.669599
10102298	-24.783598	0.666825
10110099	-24.784649	0.669751
10117900	-24.785572	0.667927
10125701	-24.786751	0.669692
10133502	-24.788189	0.669530
10141303	-24.788882	0.668597
10149104	-24.789028	0.672651
10156905	-24.789645	0.667168
10164706	-24.792011	0.671901
10172507	-24.793411	0.671771
10180308	-24.793909	0.669081
10188109	-24.795147	0.672654
10195910	-24.796640	0.671239
10203711	-24.797641	0.671411
10211512	-24.798505	0.673130
10219313	-24.799422	0.671224
10227114	-24.800133	0.674082
10234915	-24.800566	0.671621
10242716	-24.802199	0.673631
10250517	-24.803928	0.674054
10258318	-24.804673	0.672508
10266119	-24.805280	0.675514
10273920	-24.806323	0.672316
10281721	-24.807517	0.676372
10289522	-24.808500	0.673811
10297323	-24.809496	0.674910
10305124	-24.810424	0.676398
10312925	-24.811330	0.673897
10320726	-24.811980	0.677618
10328527	-24.813045	0.674553
10336328	-24.814660	0.677568
10344129	-24.815919	0.676194
10351930	-24.816845	0.676377
10359731	-24.817730	0.678395
10367532	-24.818400	0.676004
10375333	-24.819052	0.679349
10383134	-24.820670	0.676877
10390935	-24.822109	0.678896
10398736	-24.822372	0.678476
10406537	-24.822372	0.678476
10414338	-24.823223	0.676853
10422139	-24.824877	0.681222
10429940	-24.826369	0.679701
10437741	-24.826948	0.678722
10445542	-24.827918	0.681859
10453343	-24.829347	0.679615
10461144	-24.830296	0.680197
10468945	-24.831158	0.682033
10476746	-24.831981	0.679941
10484547	-24.832454	0.682976
10492348	-24.832823	0.679879
10500149	-24.834336	0.683178
10507950	-24.836052	0.682075
10515751	-24.836755	0.681407
10523552	-24.837322	0.684404
10531353	-24.837901	0.680798
10539154	-24.838882	0.685023
10546955	-24.840444	0.682753
10554756	-24.841414	0.683188
10562557	-24.841952	0.685114
10570358	-24.842721	0.682734
10578159	-24.843816	0.685525
10585960	-24.845202	0.684057
10593761	-24.846343	0.685183
10601562	-24.847144	0.685186
10609363	-24.847727	0.685361
10617164	-24.848072	0.685893
10624965	-24.849162	0.685825
10632766	-24.850768	0.687055
10640567	-24.851298	0.684602
10648368	-24.851298	0.684602
10656169	-24.852565	0.685217
10663970	-24.853710	0.687826
10671771	-24.854587	0.687785
10679572	-24.855974	0.687259
10687373	-24.856794	0.688435
10695174	-24.857446	0.687758
10702975	-24.858347	0.689342
10710776	-24.858968	0.687093
10718577	-24.859370	0.691371
10726378	-24.860647	0.687507
10734179	-24.862088	0.690040
10741980	-24.862871	0.690084
10749781	-24.863710	0.689223
10757582	-24.864643	0.691302
10765383	-24.865314	0.689151
10773184	-24.865365	0.692722
10780985	-24.865865	0.688704
10788786	-24.867928	0.692791
10796587	-24.869016	0.692151
10804388	-24.869361	0.689807
10812189	-24.870209	0.693877
10819990	-24.871394	0.691310
10827791	-24.872533	0.692803
10835592	-24.873414	0.693241
10843393	-24.874185	0.691972
10851194	-24.874534	0.695217
10858995	-24.874534	0.695217
10866796	-24.875868	0.695258
10874597	-24.877453	0.694653
10882398	-24.877735	0.692163
10890199	-24.878488	0.696001
10898000	-24.879889	0.694058
10905801	-24.880814	0.694538
10913602	-24.881480	0.696009
10921403	-24.882164	0.693724
10929204	-24.883006	0.696865
10937005	-24.883871	0.694748
10944806	-24.884775	0.696732
10952607	-24.885398	0.695205
10960408	-24.885560	0.697432
10968209	-24.886706	0.695966
10976010	-24.888180	0.697567
10983811	-24.888951	0.696210
10991612	-24.889347	0.698624
10999413	-24.890123	0.696455
11007214	-24.891252	0.698984
11015015	-24.891630	0.696513
11022816	-24.891724	0.699741
11030617	-24.893189	0.697148
11038418	-24.894643	0.698981
11046219	-24.895259	0.699375
11054020	-24.895761	0.698398
11061821	-24.896636	0.700329
11069622	-24.897452	0.697897
11077423	-24.897773	0.701912
11085224	-24.898400	0.698424
11093025	-24.899719	0.700728
11100826	-24.900908	0.700993
11108627	-24.901405	0.699563
11116428	-24.901791	0.702467
11124229	-24.902169	0.699315
11132030	-24.902762	0.703102
11139831	-24.904304	0.701610
11147632	-24.905158	0.700447
11155433	-24.905529	0.703535
11163234	-24.906479	0.701462
11171035	-24.907649	0.703058
11178836	-24.908545	0.702375
11186637	-24.909397	0.702895
11194438	-24.910146	0.703874
11202239	-24.910606	0.701916
11210040	-24.910606	0.701916
11217841	-24.910606	0.701916
11225642	-24.913151	0.704515
11233443	-24.913278	0.705485
11241244	-24.914018	0.703700
11249045	-24.915543	0.704817
11256846	-24.915889	0.705821
11264647	-24.916616	0.704225
11272448	-24.917549	0.705757
11280249	-24.918166	0.705770
11288050	-24.918721	0.705694
11295851	-24.918881	0.705618
11303652	-24.918881	0.705618
11311453	-24.920112	0.704229
11319254	-24.921139	0.708134
11327055	-24.922343	0.707015
11334856	-24.922843	0.705461
11342657	-24.923589	0.708692
11350458	-24.924806	0.707390
11358259	-24.925385	0.707093
11366060	-24.925973	0.708518
11373861	-24.926685	0.707102
11381662	-24.926894	0.709814
11389463	-24.926894	0.709814
11397264	-24.927856	0.710450
11405065	-24.929758	0.708737
11412866	-24.930123	0.708033
11420667	-24.930487	0.710380
11428468	-24.931723	0.709244
11436269	-24.932643	0.709619
11444070	-24.933308	0.710058
11451871	-24.934000	0.709754
11459672	-24.934444	0.711286
11467473	-24.934537	0.708581
11475274	-24.934736	0.713534
11483075	-24.936006	0.709382
11490876	-24.937453	0.710980
11498677	-24.937684	0.712828
11506478	-24.938404	0.710237
11514279	-24.939498	0.712278
11522080	-24.940349	0.712174
11529881	-24.941027	0.711556
11537682	-24.941541	0.713268
11545483	-24.941848	0.711134
11553284	-24.942258	0.714802
11561085	-24.943205	0.711396
11568886	-24.944224	0.714029
11576687	-24.945115	0.713472
11584488	-24.945776	0.713188
11592289	-24.946140	0.714856
11600090	-24.947021	0.712914
11607891	-24.947871	0.715114
11615692	-24.948433	0.713712
11623493	-24.948601	0.715990
11631294	-24.948601	0.715990
11639095	-24.949860	0.716463
11646896	-24.951486	0.715022
11654697	-24.951578	0.715012
11662498	-24.952202	0.716296
11670299	-24.953200	0.715487
11678100	-24.953956	0.716662
11685901	-24.954371	0.715431
11693702	-24.954763	0.717579
11701503	-24.955583	0.715362
11709304	-24.956325	0.717922
11717105	-24.956675	0.716129
11724906	-24.956687	0.718726
11732707	-24.957523	0.715826
11740508	-24.959285	0.718282
11748309	-24.959729	0.718206
11756110	-24.960051	0.717450
11763911	-24.960869	0.719036
11771712	-24.961370	0.717409
11779513	-24.961879	0.720067
11787314	-24.962335	0.717365
11795115	-24.963507	0.719994
11802916	-24.964612	0.719154
11810717	-24.964892	0.719159
11818518	-24.965216	0.719677
11826319	-24.965238	0.720665
11834120	-24.965246	0.718081
11841921	-24.966585	0.722282
11849722	-24.967938	0.719956
11857523	-24.968360	0.719819
11865324	-24.968978	0.721934
11873125	-24.969576	0.719900
11880926	-24.970361	0.721728
11888727	-24.971163	0.720979
11896528	-24.972008	0.721483
11904329	-24.972645	0.721696
11912130	-24.973337	0.721744
11919931	-24.974036	0.722445
11927732	-24.974237	0.721305
11935533	-24.974237	0.721305
11943334	-24.974237	0.721305
11951135	-24.976258	0.723217
11958936	-24.976258	0.723217
11966737	-24.977175	0.722569
11974538	-24.978148	0.722780
11982339	-24.978273	0.724899
11990140	-24.979361	0.723726
11997941	-24.980137	0.723620
12005742	-24.980562	0.724619
12013543	-24.980848	0.724147
12021344	-24.981164	0.724865
12029145	-24.981683	0.724794
12036946	-24.982652	0.724560
12044747	-24.983107	0.726491
12052548	-24.983107	0.726491
12060349	-24.983588	0.727181
12068150	-24.984780	0.725381
12075951	-24.985752	0.725288
12083752	-24.986131	0.727030
12091553	-24.986588	0.725198
12099354	-24.987333	0.726846
12107155	-24.988144	0.726530
12114956	-24.988857	0.726706
12122757	-24.989558	0.727328
12130558	-24.990114	0.726662
12138359	-24.990499	0.728150
12146160	-24.990499	0.728150
12153961	-24.990499	0.728150
12161762	-24.991109	0.726450
12169563	-24.992716	0.727613
12177364	-24.992716	0.727613
12185165	-24.993849	0.727652
12192966	-24.994583	0.728042
12200767	-24.994775	0.730211
12208568	-24.995496	0.728314
12216369	-24.996344	0.729482
12224170	-24.996804	0.729190
12231971	-24.996804	0.729190
12239772	-24.996973	0.730247
12247573	-24.998153	0.729197
12255374	-24.998875	0.731349
12263175	-24.998875	0.731349
12270976	-24.999390	0.731780
12278777	-25.000359	0.730044
12286578	-25.000890	0.731069
12294379	-25.001377	0.730820
12302180	-25.002054	0.731705
12309981	-25.002703	0.730558
12317782	-25.002828	0.733044
12325583	-25.002828	0.733044
12333384	-25.003920	0.733443
12341185	-25.004881	0.732012
12348986	-25.005288	0.731866
12356787	-25.005970	0.733068
12364588	-25.006580	0.732223
12372389	-25.006997	0.733647
12380190	-25.007401	0.732272
12387991	-25.007401	0.732272
12395792	-25.007401	0.732272
12403593	-25.008645	0.735168
12411394	-25.009829	0.734209
12419195	-25.009829	0.734209
12426996	-25.010366	0.735742
12434797	-25.011120	0.733393
12442598	-25.011850	0.735004
12450399	-25.012470	0.734907
12458200	-25.012889	0.734387
12466001	-25.013319	0.735864
12473802	-25.013319	0.735864
12481603	-25.013319	0.735864
12489405	-25.013319	0.735864
12497206	-25.013319	0.735864
12505007	-25.013469	0.735952
12512808	-25.013469	0.735952
12520609	-25.013469	0.735952
12528410	-25.013469	0.735952
12536211	-25.013469	0.735952
12544012	-25.015224	0.736331
12551813	-25.015224	0.736331
12559614	-25.015748	0.736190
12567415	-25.015852	0.735630
12575216	-25.016665	0.736552
12583017	-25.017112	0.736832
12590818	-25.017708	0.736091
12598619	-25.018164	0.736733
12606420	-25.018715	0.737556
12614221	-25.019071	0.736630
12622022	-25.019390	0.736855
12629823	-25.019517	0.738119
12637624	-25.019816	0.736782
12645425	-25.020646	0.738298
12653226	-25.021556	0.737015
12661027	-25.021847	0.738602
12668828	-25.021847	0.738602
12676629	-25.021847	0.738602
12684430	-25.022684	0.736978
12692231	-25.023355	0.739705
12700032	-25.024022	0.738844
12707833	-25.024628	0.737858
12715634	-25.024973	0.740507
12723435	-25.025643	0.738676
12731236	-25.026340	0.739629
12739037	-25.026793	0.739662
12746838	-25.027163	0.739842
12754639	-25.027649	0.740168
12762440	-25.028215	0.739734
12770241	-25.028215	0.739734
12778042	-25.028215	0.739734
12785843	-25.028215	0.739734
12793644	-25.029364	0.742476
12801445	-25.030069	0.741237
12809246	-25.030558	0.739753
12817047	-25.031240	0.742164
12824848	-25.031812	0.741629
12832649	-25.032389	0.741082
12840450	-25.032822	0.742415
12848251	-25.033141	0.741229
12856052	-25.033375	0.743134
12863853	-25.033492	0.740911
12871654	-25.033782	0.743859
12879455	-25.034902	0.741984
12887256	-25.035862	0.742712
12895057	-25.036034	0.743869
12902858	-25.036034	0.743869
12910659	-25.036167	0.744902
12918460	-25.036904	0.742527
12926261	-25.037974	0.744065
12934062	-25.038558	0.744232
12941863	-25.038678	0.743526
12949664	-25.038920	0.744792
12957465	-25.039636	0.744151
12965266	-25.040394	0.744664
12973067	-25.040394	0.744664
12980868	-25.040394	0.744664
12988669	-25.040394	0.744664
12996470	-25.042258	0.744945
13004271	-25.042258	0.744945
13012072	-25.042317	0.746835
13019873	-25.043380	0.745243
13027674	-25.044012	0.745453
13035475	-25.044050	0.746969
13043276	-25.044203	0.745412
13051077	-25.044835	0.747041
13058878	-25.045603	0.746281
13066679	-25.046304	0.746648
13074480	-25.046748	0.747532
13082281	-25.046748	0.747532
13090082	-25.046748	0.747532
13097883	-25.047039	0.746414
13105684	-25.048081	0.747650
13113485	-25.048081	0.747650
13121286	-25.049064	0.747396
13129087	-25.049695	0.748017
13136888	-25.049942	0.748318
13144689	-25.050310	0.747912
13152490	-25.050685	0.748169
13160291	-25.050685	0.748169
13168092	-25.050685	0.748169
13175893	-25.050881	0.750840
13183694	-25.052579	0.749070
13191495	-25.052579	0.749070
13199296	-25.052871	0.750328
13207097	-25.053828	0.749393
13214898	-25.054216	0.748932
13222699	-25.054407	0.750746
13230500	-25.054692	0.748881
13238301	-25.055166	0.751002
13246102	-25.055647	0.749394
13253903	-25.055730	0.751288
13261704	-25.055888	0.750213
13269505	-25.056717	0.750828
13277306	-25.057333	0.750762
13285107	-25.057333	0.750762
13292908	-25.057333	0.750762
13300709	-25.057541	0.749342
13308510	-25.058901	0.752240
13316311	-25.059580	0.752167
13324112	-25.059580	0.752167
13331913	-25.059823	0.752987
13339714	-25.060478	0.751509
13347515	-25.061196	0.752432
13355316	-25.061556	0.752534
13363117	-25.061556	0.752534
13370918	-25.061556	0.752534
13378719	-25.062344	0.752593
13386520	-25.063234	0.753215
13394321	-25.063385	0.753221
13402122	-25.063691	0.753519
13409923	-25.063691	0.753519
13417724	-25.063691	0.753519
13425525	-25.063704	0.751882
13433326	-25.065302	0.753860
13441127	-25.065302	0.753860
13448928	-25.065714	0.753452
13456729	-25.066427	0.754580
13464530	-25.066911	0.755091
13472331	-25.067149	0.753732
13480132	-25.067458	0.755727
13487933	-25.067946	0.754410
13495734	-25.068105	0.755801
13503535	-25.068105	0.755801
13511336	-25.068413	0.756039
13519137	-25.069264	0.755426
13526938	-25.070088	0.755689
13534739	-25.070491	0.756114
13542540	-25.070553	0.755672
13550341	-25.070553	0.755672
13558142	-25.070553	0.755672
13565943	-25.070553	0.755672
13573744	-25.071928	0.756398
13581545	-25.072201	0.755501
13589346	-25.072201	0.755501
13597147	-25.073293	0.756528
13604948	-25.073915	0.756842
13612749	-25.073915	0.756842
13620550	-25.073967	0.756522
13628351	-25.074153	0.758702
13636152	-25.074535	0.756781
13643953	-25.075104	0.758099
13651754	-25.075471	0.758663
13659555	-25.075980	0.757398
13667356	-25.076411	0.759082
13675157	-25.076411	0.757660
13682958	-25.076564	0.759504
13690759	-25.077177	0.757762
13698560	-25.077954	0.759375
13706361	-25.078474	0.758995
13714162	-25.078790	0.758842
13721963	-25.079186	0.759808
13729764	-25.079207	0.758289
13737565	-25.079207	0.758289
13745366	-25.079207	0.758289
13753167	-25.080339	0.760338
13760968	-25.080669	0.760615
13768769	-25.080669	0.760615
13776570	-25.081359	0.760658
13784371	-25.082286	0.760155
13792172	-25.082354	0.760202
13799973	-25.082564	0.761302
13807774	-25.082828	0.759829
13815575	-25.082828	0.759829
13823376	-25.083085	0.759618
13831177	-25.083623	0.762255
13838978	-25.083716	0.760822
13846779	-25.084567	0.762016
13854580	-25.084686	0.761927
13862381	-25.084980	0.761116
13870182	-25.085420	0.763059
13877983	-25.085420	0.763059
13885784	-25.086226	0.763239
13893585	-25.086908	0.761880
13901386	-25.087239	0.762372
13909187	-25.087676	0.763338
13916988	-25.087769	0.761983
13924789	-25.087769	0.761983
13932590	-25.087769	0.761983
13940391	-25.088388	0.764180
13948192	-25.089162	0.763673
13955993	-25.089162	0.763673
13963794	-25.089283	0.765023
13971595	-25.090113	0.763181
13979396	-25.090377	0.764007
13987197	-25.090377	0.764007
13994998	-25.090709	0.763750
14002799	-25.091434	0.764978
14010600	-25.091612	0.763560
14018401	-25.091750	0.765489
14026202	-25.092540	0.764252
14034003	-25.093182	0.764571
14041804	-25.093387	0.765696
14049605	-25.093387	0.765696
14057406	-25.093387	0.765696
14065207	-25.093387	0.765696
14073008	-25.093497	0.766414
14080809	-25.094268	0.766044
14088610	-25.094566	0.764604
14096411	-25.095095	0.766816
14104212	-25.095760	0.766065
14112013	-25.096019	0.765437
14119814	-25.096222	0.767126
14127615	-25.096602	0.765738
14135416	-25.096793	0.767084
14143217	-25.097093	0.766171
14151018	-25.097628	0.767516
14158819	-25.098043	0.766384
14166620	-25.098093	0.767925
14174421	-25.098093	0.767925
14182222	-25.098093	0.767925
14190023	-25.098314	0.766469
14197824	-25.099623	0.767808
14205625	-25.099882	0.768563
14213426	-25.099882	0.768563
14221227	-25.100449	0.768200
14229028	-25.101090	0.768399
14236829	-25.101408	0.768196
14244630	-25.101600	0.768915
14252431	-25.101600	0.768915
14260232	-25.101600	0.768915
14268033	-25.101600	0.768915
14275834	-25.102483	0.769449
14283635	-25.102483	0.769449
14291436	-25.102729	0.768050
14299237	-25.103611	0.769028
14307038	-25.103638	0.770500
14314839	-25.104218	0.769301
14322640	-25.104601	0.769932
14330441	-25.104760	0.769727
14338242	-25.105015	0.770297
14346043	-25.105063	0.769874
14353844	-25.105063	0.769874
14361645	-25.105112	0.769439
14369446	-25.105436	0.771897
14377247	-25.106361	0.769941
14385048	-25.106923	0.770962
14392849	-25.106924	0.771545
14400650	-25.106969	0.770071
14408451	-25.107383	0.772065
14416252	-25.108034	0.771000
14424053	-25.108650	0.771621
14431854	-25.108938	0.771491
14439655	-25.108948	0.772064
14447456	-25.108948	0.772064
14455257	-25.108948	0.772064
14463058	-25.109331	0.771278
14470859	-25.109331	0.771278
14478660	-25.109331	0.771278
14486461	-25.110784	0.772879
14494262	-25.110784	0.772879
14502063	-25.110998	0.772882
14509864	-25.111748	0.773217
14517665	-25.111859	0.772595
14525466	-25.111859	0.772595
14533267	-25.111859	0.772595
14541068	-25.111859	0.772595
14548869	-25.112393	0.773064
14556670	-25.112971	0.773230
14564471	-25.113219	0.774679
14572272	-25.113355	0.773208
14580073	-25.113576	0.774185
14587874	-25.114244	0.774414
14595675	-25.114841	0.773907
14603476	-25.114990	0.774819
14611277	-25.114990	0.774819
14619078	-25.114990	0.774819
14626879	-25.114990	0.774819
14634680	-25.115934	0.775804
14642481	-25.116124	0.775520
14650282	-25.116124	0.775520
14658083	-25.116537	0.775583
14665884	-25.117095	0.775707
14673685	-25.117095	0.775707
14681486	-25.117095	0.775707
14689287	-25.117095	0.775707
14697088	-25.118216	0.776406
14704889	-25.118697	0.776093
14712690	-25.118697	0.776093
14720491	-25.118706	0.776844
14728292	-25.119040	0.776167
14736093	-25.119580	0.776550
14743894	-25.119997	0.776502
14751695	-25.119997	0.776502
14759496	-25.119997	0.776502
14767297	-25.119997	0.776502
14775098	-25.120079	0.775863
14782899	-25.120099	0.778314
14790700	-25.121223	0.777357
14798501	-25.121557	0.776656
14806302	-25.121557	0.776656
14814103	-25.122238	0.777402
14821904	-25.122573	0.777735
14829705	-25.122786	0.778087
14837506	-25.122934	0.777904
14845307	-25.123241	0.778392
14853108	-25.123518	0.778025
14860909	-25.123675	0.778729
14868710	-25.123675	0.778729
14876511	-25.123675	0.778729
14884312	-25.123675	0.778729
14892113	-25.124395	0.778061
14899914	-25.124395	0.778061
14907715	-25.125015	0.779932
14915516	-25.125280	0.778658
14923317	-25.125484	0.779266
14931118	-25.126116	0.779646
14938919	-25.126264	0.779428
14946720	-25.126490	0.780016
14954521	-25.126508	0.778917
14962322	-25.126508	0.778917
14970123	-25.126508	0.778917
14977924	-25.126508	0.778917
14985725	-25.127325	0.779751
14993526	-25.127776	0.780132
15001327	-25.127996	0.781371
15009128	-25.128096	0.779827
15016929	-25.128447	0.781431
15024730	-25.129016	0.780481
15032531	-25.129324	0.780930
15040332	-25.129536	0.781433
15048133	-25.129642	0.780576
15055934	-25.129642	0.780576
15063735	-25.129642	0.780576
15071536	-25.129707	0.782433
15079337	-25.130151	0.781432
15087138	-25.130151	0.781432
15094939	-25.131195	0.782067
15102740	-25.131480	0.781892
15110541	-25.131480	0.781892
15118342	-25.131871	0.782345
15126143	-25.132039	0.782456
15133944	-25.132039	0.782456
15141745	-25.132039	0.782456
15149546	-25.132039	0.782456
15157347	-25.133147	0.782955
15165148	-25.133147	0.782955
15172949	-25.133147	0.782955
15180750	-25.133763	0.783844
15188551	-25.134155	0.783391
15196352	-25.134155	0.783391
15204153	-25.134155	0.783391
15211954	-25.134155	0.783391
15219755	-25.134634	0.783611
15227556	-25.135025	0.784772
15235357	-25.135025	0.784772
15243158	-25.135025	0.784772
15250959	-25.135986	0.783810
15258760	-25.135986	0.783810
15266561	-25.136019	0.785084
15274362	-25.136612	0.784255
15282163	-25.136921	0.784793
15289964	-25.137160	0.784906
15297765	-25.137474	0.785060
15305566	-25.137474	0.785060
15313367	-25.137474	0.785060
15321168	-25.137474	0.785060
15328969	-25.137891	0.786133
15336770	-25.137891	0.786133
15344571	-25.138467	0.785717
15352372	-25.138837	0.785908
15360173	-25.138837	0.785908
15367974	-25.139491	0.786148
15375775	-25.139575	0.786103
15383576	-25.139575	0.786103
15391377	-25.139825	0.786132
15399178	-25.140137	0.786596
15406979	-25.140595	0.786230
15414780	-25.140595	0.786230
15422581	-25.140595	0.786230
15430382	-25.140595	0.786230
15438183	-25.141325	0.786959
15445984	-25.141325	0.786959
15453785	-25.141692	0.787731
15461586	-25.141872	0.787495
15469387	-25.141872	0.787495
15477188	-25.142577	0.787678
15484989	-25.142771	0.787841
15492790	-25.142771	0.787841
15500591	-25.142771	0.787841
15508392	-25.142771	0.787841
15516193	-25.142771	0.787841
15523994	-25.143065	0.788551
15531795	-25.143913	0.787545
15539596	-25.143913	0.787545
15547397	-25.143913	0.787545
15555198	-25.144407	0.789128
15562999	-25.144728	0.788258
15570800	-25.144728	0.788258
15578601	-25.144728	0.788258
15586402	-25.145088	0.789406
15594203	-25.145564	0.789083
15602004	-25.145564	0.789083
